-2.193450928e-005
-5.698204041e-005
-1.237392426e-004
-2.310276031e-004
-3.728866577e-004
-5.402565002e-004
-7.219314575e-004
-9.076595306e-004
-1.094102859e-003
-1.274347305e-003
-1.430749893e-003
-1.539707184e-003
-1.561641693e-003
-1.462697983e-003
-1.237869263e-003
-8.914470673e-004
-4.210472107e-004
1.919269562e-004
9.775161743e-004
1.981496811e-003
3.249168396e-003
4.800796509e-003
6.647825241e-003
8.787393570e-003
1.119065285e-002
1.384210587e-002
1.673388481e-002
1.986265182e-002
2.325081825e-002
2.691721916e-002
3.086280823e-002
3.508973122e-002
4.769945145e-002
5.775594711e-002
7.480859756e-002
9.536886215e-002
1.139156818e-001
1.289412975e-001
1.406133175e-001
1.497395039e-001
1.606228352e-001
1.727416515e-001
1.840820312e-001
1.943593025e-001
1.958982944e-001
1.934821606e-001
2.019286156e-001
2.267348766e-001
2.652702332e-001
3.110690117e-001
3.575451374e-001
3.923764229e-001
4.178397655e-001
4.419813156e-001
4.664206505e-001
4.952697754e-001
5.372097492e-001
5.860607624e-001
6.374266148e-001
6.885762215e-001
7.291131020e-001
7.611098289e-001
7.875475883e-001
8.128161430e-001
8.402991295e-001
8.690612316e-001
8.937416077e-001
9.010229111e-001
8.752682209e-001
8.077766895e-001
7.046890259e-001
5.673160553e-001
4.569840431e-001
3.854742050e-001
3.523054123e-001
3.329963684e-001
2.948675156e-001
2.395596504e-001
1.622595787e-001
9.457540512e-002
7.070183754e-002
8.725786209e-002
8.103203773e-002
4.758572578e-002
-3.342533112e-002
-1.750154495e-001
-3.960080147e-001
-5.448365211e-001
-6.373176575e-001
-6.733164787e-001
-6.572616100e-001
-6.217100620e-001
-5.996959209e-001
-5.999045372e-001
-6.201825142e-001
-6.421923637e-001
-6.419844627e-001
-6.084482670e-001
-5.444264412e-001
-4.420604706e-001
-3.208796978e-001
-2.286620140e-001
-1.753528118e-001
-1.456122398e-001
-1.378633976e-001
-1.519474983e-001
-1.707372665e-001
-1.692349911e-001
-1.381020546e-001
-8.088254929e-002
-1.607322693e-002
3.498220444e-002
5.079984665e-002
2.594757080e-002
-2.834320068e-002
-8.604073524e-002
-1.193389893e-001
-1.128511429e-001
-7.294082642e-002
-1.858186722e-002
1.676011086e-002
1.470780373e-002
-2.272439003e-002
-1.053979397e-001
-2.106485367e-001
-3.012526035e-001
-3.493890762e-001
-3.398950100e-001
-2.906267643e-001
-2.342998981e-001
-2.128622532e-001
-2.314100266e-001
-2.967262268e-001
-4.018447399e-001
-4.967913628e-001
-5.490224361e-001
-5.716683865e-001
-5.613641739e-001
-5.315167904e-001
-5.009770393e-001
-4.746046066e-001
-4.519751072e-001
-4.326694012e-001
-4.057528973e-001
-3.634965420e-001
-3.067762852e-001
-2.399005890e-001
-1.670153141e-001
-1.064434052e-001
-6.914401054e-002
-4.366111755e-002
-2.718973160e-002
-2.886629105e-002
-4.108500481e-002
-5.148625374e-002
-5.889368057e-002
-5.710077286e-002
-4.130768776e-002
-1.630473137e-002
1.034879684e-002
3.628635406e-002
5.371165276e-002
5.232167244e-002
3.597140312e-002
1.124429703e-002
-1.202678680e-002
-1.776552200e-002
-4.962921143e-003
1.657462120e-002
3.658795357e-002
4.170227051e-002
2.527904510e-002
-8.794546127e-003
-5.074930191e-002
-8.747196198e-002
-1.094501019e-001
-1.172974110e-001
-1.194841862e-001
-1.226124763e-001
-1.330327988e-001
-1.513319016e-001
-1.648111343e-001
-1.675693989e-001
-1.619787216e-001
-1.469514370e-001
-1.305871010e-001
-1.222264767e-001
-1.183381081e-001
-1.145761013e-001
-1.112143993e-001
-1.066064835e-001
-9.811544418e-002
-9.041738510e-002
-8.781743050e-002
-8.616709709e-002
-8.309745789e-002
-7.583594322e-002
-6.068730354e-002
-4.170823097e-002
-2.181696892e-002
-6.502151489e-003
-2.694368362e-003
-7.301807404e-003
-1.601386070e-002
-2.375578880e-002
-2.544379234e-002
-2.136445045e-002
-8.206605911e-003
1.297402382e-002
3.247213364e-002
4.419779778e-002
4.863572121e-002
5.144071579e-002
5.520057678e-002
6.410598755e-002
8.434247971e-002
1.084620953e-001
1.279087067e-001
1.414113045e-001
1.496455669e-001
1.623189449e-001
1.819055080e-001
2.148017883e-001
2.604470253e-001
3.073580265e-001
3.504023552e-001
3.863377571e-001
4.138729572e-001
4.364273548e-001
4.604797363e-001
4.901466370e-001
5.315692425e-001
5.837264061e-001
6.358683109e-001
6.766157150e-001
7.110056877e-001
7.486374378e-001
7.793769836e-001
8.056409359e-001
8.344311714e-001
8.598115444e-001
8.812711239e-001
8.901557922e-001
8.633358479e-001
7.936525345e-001
6.957032681e-001
5.698111057e-001
4.614281654e-001
3.885488510e-001
3.420763016e-001
2.943925858e-001
2.351560593e-001
1.738414764e-001
1.053910255e-001
6.338810921e-002
6.487369537e-002
7.778501511e-002
6.397986412e-002
1.564693451e-002
-9.116244316e-002
-2.672736645e-001
-4.723157883e-001
-6.013307571e-001
-6.740207672e-001
-6.920084953e-001
-6.689991951e-001
-6.386861801e-001
-6.273746490e-001
-6.348953247e-001
-6.536905766e-001
-6.668710709e-001
-6.546721458e-001
-6.099298000e-001
-5.403206348e-001
-4.342443943e-001
-3.208446503e-001
-2.357962132e-001
-1.852307320e-001
-1.533915997e-001
-1.381959915e-001
-1.394839287e-001
-1.378760338e-001
-1.139311790e-001
-6.452655792e-002
-7.255077362e-004
5.533123016e-002
8.467555046e-002
7.886219025e-002
3.094100952e-002
-2.854180336e-002
-7.450246811e-002
-8.182597160e-002
-4.263496399e-002
2.403306961e-002
9.050321579e-002
1.151158810e-001
1.057260036e-001
5.535125732e-002
-3.243899345e-002
-1.355912685e-001
-2.198338509e-001
-2.567019463e-001
-2.406194210e-001
-2.044582367e-001
-1.756613255e-001
-1.740081310e-001
-2.075970173e-001
-2.869141102e-001
-3.846771717e-001
-4.669404030e-001
-5.154879093e-001
-5.305271149e-001
-5.187919140e-001
-4.963779449e-001
-4.700174332e-001
-4.438278675e-001
-4.303998947e-001
-4.198822975e-001
-3.995177746e-001
-3.669240475e-001
-3.134987354e-001
-2.426249981e-001
-1.724824905e-001
-1.296737194e-001
-1.023437977e-001
-9.562516212e-002
-1.108374596e-001
-1.388459206e-001
-1.614384651e-001
-1.736803055e-001
-1.691000462e-001
-1.518840790e-001
-1.299741268e-001
-1.037702560e-001
-7.839512825e-002
-6.007361412e-002
-4.826998711e-002
-4.334425926e-002
-4.636073112e-002
-5.300140381e-002
-5.620694160e-002
-5.209159851e-002
-3.953909874e-002
-2.148771286e-002
-9.157419205e-003
-1.309466362e-002
-3.534507751e-002
-7.292509079e-002
-1.147942543e-001
-1.479256153e-001
-1.675212383e-001
-1.739535332e-001
-1.724364758e-001
-1.718988419e-001
-1.795420647e-001
-1.955380440e-001
-2.097866535e-001
-2.105894089e-001
-1.953835487e-001
-1.705145836e-001
-1.452593803e-001
-1.269586086e-001
-1.204316616e-001
-1.250059605e-001
-1.335902214e-001
-1.389453411e-001
-1.378009319e-001
-1.326196194e-001
-1.285643578e-001
-1.258733273e-001
-1.225998402e-001
-1.164026260e-001
-1.019797325e-001
-7.986354828e-002
-5.753946304e-002
-3.908324242e-002
-2.540779114e-002
-1.680469513e-002
-1.014542580e-002
-2.056360245e-003
6.471157074e-003
1.489758492e-002
2.339935303e-002
2.836489677e-002
2.977561951e-002
3.486204147e-002
4.701662064e-002
6.353569031e-002
8.246302605e-002
1.010048389e-001
1.153519154e-001
1.256089211e-001
1.319262981e-001
1.314399242e-001
1.265296936e-001
1.285736561e-001
1.454584599e-001
1.777896881e-001
2.267107964e-001
2.845749855e-001
3.369324207e-001
3.759641647e-001
4.000384808e-001
4.128041267e-001
4.199886322e-001
4.362640381e-001
4.698264599e-001
5.180730820e-001
5.745654106e-001
6.289708614e-001
6.722252369e-001
7.051999569e-001
7.357394695e-001
7.655205727e-001
7.920870781e-001
8.188462257e-001
8.418812752e-001
8.557491302e-001
8.556916714e-001
8.316695690e-001
7.741720676e-001
6.893236637e-001
5.768053532e-001
4.861490726e-001
4.220869541e-001
3.834629059e-001
3.576195240e-001
3.111336231e-001
2.477846146e-001
1.785285473e-001
1.191470623e-001
8.728575706e-002
9.101438522e-002
7.744860649e-002
3.549790382e-002
-4.552006721e-002
-1.865694523e-001
-4.102606773e-001
-5.625619888e-001
-6.559879780e-001
-6.954994202e-001
-6.833772659e-001
-6.389465332e-001
-6.074714661e-001
-6.059727669e-001
-6.249749660e-001
-6.553461552e-001
-6.712362766e-001
-6.475286484e-001
-5.880827904e-001
-4.870824814e-001
-3.602676392e-001
-2.685139179e-001
-2.212181091e-001
-2.069263458e-001
-2.187900543e-001
-2.594311237e-001
-2.928700447e-001
-2.862362862e-001
-2.385897636e-001
-1.582098007e-001
-7.136583328e-002
-1.479840279e-002
2.914428711e-003
-2.812695503e-002
-9.072113037e-002
-1.446559429e-001
-1.656904221e-001
-1.416456699e-001
-7.507133484e-002
3.325939178e-003
5.142593384e-002
6.049585342e-002
2.842903137e-002
-4.293441772e-002
-1.426818371e-001
-2.254824638e-001
-2.705862522e-001
-2.594313622e-001
-2.089283466e-001
-1.631634235e-001
-1.542007923e-001
-1.786034107e-001
-2.458043098e-001
-3.518099785e-001
-4.530513287e-001
-5.117714405e-001
-5.354633331e-001
-5.252051353e-001
-4.945101738e-001
-4.562029839e-001
-4.240987301e-001
-4.158446789e-001
-4.279077053e-001
-4.382352829e-001
-4.295558929e-001
-3.998394012e-001
-3.453218937e-001
-2.746298313e-001
-2.099740505e-001
-1.769211292e-001
-1.680099964e-001
-1.838343143e-001
-2.155921459e-001
-2.408437729e-001
-2.451713085e-001
-2.328894138e-001
-2.101919651e-001
-1.822094917e-001
-1.611635685e-001
-1.439177990e-001
-1.261723042e-001
-1.130712032e-001
-1.014289856e-001
-9.123015404e-002
-8.464455605e-002
-7.857990265e-002
-6.955480576e-002
-5.161452293e-002
-2.443265915e-002
3.179550171e-003
1.598501205e-002
2.305984497e-003
-2.859783173e-002
-6.504178047e-002
-9.755349159e-002
-1.096460819e-001
-1.066794395e-001
-1.031377316e-001
-1.023960114e-001
-1.149730682e-001
-1.412954330e-001
-1.655235291e-001
-1.773781776e-001
-1.695516109e-001
-1.440200806e-001
-1.157822609e-001
-1.008200645e-001
-1.039273739e-001
-1.150093079e-001
-1.279635429e-001
-1.363897324e-001
-1.300883293e-001
-1.178755760e-001
-1.098768711e-001
-1.073229313e-001
-1.162121296e-001
-1.294786930e-001
-1.363055706e-001
-1.358644962e-001
-1.255364418e-001
-1.082675457e-001
-9.125828743e-002
-7.884788513e-002
-7.237052917e-002
-6.633877754e-002
-5.955767632e-002
-5.060601234e-002
-3.563928604e-002
-2.160644531e-002
-1.125907898e-002
-3.622055054e-003
-8.015632629e-004
4.891157150e-003
1.398801804e-002
2.171659470e-002
3.290081024e-002
4.652786255e-002
6.015729904e-002
7.602381706e-002
9.360671043e-002
1.130070686e-001
1.349821091e-001
1.643209457e-001
1.987721920e-001
2.333095074e-001
2.713930607e-001
3.092551231e-001
3.412778378e-001
3.695006371e-001
3.948278427e-001
4.178068638e-001
4.478435516e-001
4.874322414e-001
5.355827808e-001
5.892767906e-001
6.414604187e-001
6.859426498e-001
7.187125683e-001
7.476737499e-001
7.757785320e-001
7.993793488e-001
8.225276470e-001
8.444099426e-001
8.574047089e-001
8.547196388e-001
8.271548748e-001
7.709918022e-001
6.947708130e-001
6.096956730e-001
5.444507599e-001
4.940872192e-001
4.553122520e-001
4.111542702e-001
3.428516388e-001
2.702186108e-001
2.201440334e-001
1.815934181e-001
1.782436371e-001
1.848549843e-001
1.621882915e-001
9.824371338e-002
-1.260423660e-002
-1.877272129e-001
-3.820440769e-001
-5.035972595e-001
-5.672314167e-001
-5.845363140e-001
-5.682432652e-001
-5.478663445e-001
-5.512096882e-001
-5.700638294e-001
-5.902438164e-001
-6.038899422e-001
-5.938308239e-001
-5.524489880e-001
-4.803297520e-001
-3.814709187e-001
-2.885913849e-001
-2.320377827e-001
-2.040257454e-001
-1.963768005e-001
-2.097346783e-001
-2.315070629e-001
-2.340195179e-001
-2.039918900e-001
-1.420218945e-001
-6.258630753e-002
9.211540222e-003
4.363560677e-002
3.384351730e-002
-1.691508293e-002
-6.853294373e-002
-9.748172760e-002
-8.841133118e-002
-3.321290016e-002
4.491686821e-002
1.128356457e-001
1.403605938e-001
1.350100040e-001
9.284877777e-002
1.810264587e-002
-5.773639679e-002
-1.137318611e-001
-1.322517395e-001
-1.103863716e-001
-7.798671722e-002
-6.101727486e-002
-7.279348373e-002
-1.119945049e-001
-1.962413788e-001
-2.970666885e-001
-3.842523098e-001
-4.289908409e-001
-4.453930855e-001
-4.395399094e-001
-4.251303673e-001
-4.071588516e-001
-3.970494270e-001
-4.022033215e-001
-4.141883850e-001
-4.136662483e-001
-3.924365044e-001
-3.527612686e-001
-2.974462509e-001
-2.378401756e-001
-1.969301701e-001
-1.840322018e-001
-1.872181892e-001
-2.094051838e-001
-2.398822308e-001
-2.603018284e-001
-2.658662796e-001
-2.612488270e-001
-2.430503368e-001
-2.144711018e-001
-1.829419136e-001
-1.494834423e-001
-1.199133396e-001
-1.041376591e-001
-1.023106575e-001
-1.053912640e-001
-1.068336964e-001
-9.958291054e-002
-7.369780540e-002
-3.470730782e-002
4.222393036e-004
2.055335045e-002
1.737308502e-002
-1.009631157e-002
-5.016803741e-002
-8.530497551e-002
-1.020386219e-001
-1.028509140e-001
-9.635424614e-002
-8.899140358e-002
-9.040021896e-002
-1.026346684e-001
-1.203353405e-001
-1.398754120e-001
-1.526153088e-001
-1.522195339e-001
-1.420400143e-001
-1.266150475e-001
-1.102383137e-001
-9.769225121e-002
-9.217810631e-002
-9.131336212e-002
-9.073495865e-002
-9.128618240e-002
-9.047079086e-002
-8.529973030e-002
-7.881140709e-002
-6.929731369e-002
-5.817723274e-002
-5.264902115e-002
-5.026054382e-002
-4.646801949e-002
-4.207682610e-002
-3.791332245e-002
-3.353118896e-002
-2.718496323e-002
-2.054619789e-002
-1.448202133e-002
-5.686283112e-003
5.643606186e-003
1.809024811e-002
2.975463867e-002
3.821158409e-002
4.716062546e-002
5.759310722e-002
6.967163086e-002
8.798503876e-002
1.100413799e-001
1.298315525e-001
1.455409527e-001
1.564338207e-001
1.611983776e-001
1.624791622e-001
1.704595089e-001
1.855165958e-001
2.121913433e-001
2.535171509e-001
3.003883362e-001
3.375046253e-001
3.652238846e-001
3.853764534e-001
4.027898312e-001
4.223639965e-001
4.507200718e-001
4.924774170e-001
5.427482128e-001
5.971565247e-001
6.541838646e-001
7.023110390e-001
7.375831604e-001
7.660756111e-001
7.899079323e-001
8.124346733e-001
8.366239071e-001
8.630959988e-001
8.808476925e-001
8.730547428e-001
8.306815624e-001
7.498772144e-001
6.297941208e-001
5.250465870e-001
4.544405937e-001
4.112305641e-001
3.975918293e-001
3.811330795e-001
3.380408287e-001
2.900192738e-001
2.407779694e-001
1.995232105e-001
1.870305538e-001
1.725428104e-001
1.327214241e-001
4.049634933e-002
-9.565377235e-002
-3.111364841e-001
-4.965951443e-001
-6.056950092e-001
-6.622629166e-001
-6.764252186e-001
-6.573545933e-001
-6.421511173e-001
-6.476883888e-001
-6.613430977e-001
-6.781687737e-001
-6.835210323e-001
-6.648559570e-001
-6.235876083e-001
-5.562212467e-001
-4.873993397e-001
-4.282975197e-001
-3.987960815e-001
-3.935821056e-001
-3.937346935e-001
-4.030506611e-001
-4.032156467e-001
-3.777337074e-001
-3.322377205e-001
-2.603206635e-001
-1.864521503e-001
-1.425776482e-001
-1.260302067e-001
-1.449620724e-001
-1.837782860e-001
-2.040286064e-001
-1.915910244e-001
-1.400871277e-001
-6.155657768e-002
1.739621162e-002
7.457113266e-002
9.579014778e-002
9.166455269e-002
5.954957008e-002
-6.759166718e-004
-4.055619240e-002
-5.686569214e-002
-4.859352112e-002
-7.569789886e-003
1.845169067e-002
1.079344749e-002
-1.652359962e-002
-7.775712013e-002
-1.710200310e-001
-2.649896145e-001
-3.280491829e-001
-3.570151329e-001
-3.624498844e-001
-3.528709412e-001
-3.434915543e-001
-3.541541100e-001
-3.662822247e-001
-3.793187141e-001
-3.835303783e-001
-3.559763432e-001
-3.132278919e-001
-2.680325508e-001
-2.237062454e-001
-2.017426491e-001
-2.088460922e-001
-2.377820015e-001
-2.735562325e-001
-2.964048386e-001
-3.004081249e-001
-2.869820595e-001
-2.701175213e-001
-2.606837749e-001
-2.500100136e-001
-2.385370731e-001
-2.247271538e-001
-2.013084888e-001
-1.724302769e-001
-1.376914978e-001
-1.038017273e-001
-8.306407928e-002
-6.985974312e-002
-5.740284920e-002
-3.803372383e-002
-5.104541779e-003
3.075242043e-002
5.732345581e-002
6.972837448e-002
6.682610512e-002
5.369234085e-002
3.575992584e-002
1.820755005e-002
6.199359894e-003
3.850221634e-003
7.890701294e-003
8.790016174e-003
7.381677628e-003
9.172201157e-003
1.333522797e-002
2.160930634e-002
3.155231476e-002
3.408432007e-002
2.832889557e-002
2.113842964e-002
1.881384850e-002
2.633309364e-002
4.638791084e-002
7.255578041e-002
9.451293945e-002
1.070420742e-001
1.031668186e-001
8.435583115e-002
6.509613991e-002
5.232214928e-002
5.227375031e-002
7.001209259e-002
9.497404099e-002
1.169698238e-001
1.318178177e-001
1.368978024e-001
1.363239288e-001
1.366825104e-001
1.443150043e-001
1.592552662e-001
1.786174774e-001
2.027325630e-001
2.230005264e-001
2.361843586e-001
2.467532158e-001
2.449862957e-001
2.324919701e-001
2.258687019e-001
2.267782688e-001
2.344911098e-001
2.481298447e-001
2.608060837e-001
2.662613392e-001
2.641346455e-001
2.587144375e-001
2.547233105e-001
2.605359554e-001
2.867648602e-001
3.222048283e-001
3.540380001e-001
3.848750591e-001
4.041128159e-001
4.164502621e-001
4.350056648e-001
4.599986076e-001
4.969570637e-001
5.475327969e-001
5.984268188e-001
6.475160122e-001
6.932983398e-001
7.304570675e-001
7.638590336e-001
7.988705635e-001
8.306002617e-001
8.616082668e-001
8.874859810e-001
9.078769684e-001
9.149980545e-001
8.979151249e-001
8.494911194e-001
7.726762295e-001
6.810331345e-001
6.114122868e-001
5.533943176e-001
5.178103447e-001
4.942190647e-001
4.562399387e-001
4.162216187e-001
3.920209408e-001
3.871912956e-001
4.033765793e-001
3.995912075e-001
3.757138252e-001
3.113999367e-001
1.984395981e-001
3.973388672e-002
-1.628108025e-001
-3.016514778e-001
-3.809657097e-001
-4.272325039e-001
-4.497048855e-001
-4.636254311e-001
-4.877502918e-001
-5.188126564e-001
-5.433981419e-001
-5.502915382e-001
-5.359380245e-001
-5.031173229e-001
-4.512751102e-001
-4.048538208e-001
-3.705689907e-001
-3.493168354e-001
-3.473241329e-001
-3.512010574e-001
-3.553183079e-001
-3.670017719e-001
-3.685655594e-001
-3.523538113e-001
-3.212695122e-001
-2.719936371e-001
-2.203385830e-001
-1.811006069e-001
-1.691026688e-001
-1.849994659e-001
-2.038795948e-001
-2.096343040e-001
-1.937966347e-001
-1.483130455e-001
