-2.133520320e-005
-5.630101077e-005
-1.230922062e-004
-2.304848749e-004
-3.727106377e-004
-5.399847869e-004
-7.216369268e-004
-9.070204105e-004
-1.093752449e-003
-1.273962902e-003
-1.430065837e-003
-1.539143035e-003
-1.561181853e-003
-1.462314045e-003
-1.237241086e-003
-8.910323959e-004
-4.206032027e-004
1.924156677e-004
9.780728724e-004
1.981946407e-003
3.249811707e-003
4.801422358e-003
6.648439914e-003
8.788124658e-003
1.119155530e-002
1.384304371e-002
1.673484966e-002
1.986363530e-002
2.325216122e-002
2.691843547e-002
3.086434677e-002
3.509145230e-002
4.770209640e-002
5.775876716e-002
7.481156290e-002
9.537172318e-002
1.139185652e-001
1.289445907e-001
1.406164020e-001
1.497429907e-001
1.606263220e-001
1.727449149e-001
1.840855032e-001
1.943627894e-001
1.959016919e-001
1.934855431e-001
2.019319236e-001
2.267380953e-001
2.652736008e-001
3.110723197e-001
3.575485051e-001
3.923795819e-001
4.178431034e-001
4.419846237e-001
4.664235711e-001
4.952729046e-001
5.372128487e-001
5.860639811e-001
6.374299526e-001
6.885794997e-001
7.291160226e-001
7.611129284e-001
7.875507474e-001
8.128196597e-001
8.403022885e-001
8.690645695e-001
8.937447667e-001
9.010262489e-001
8.752712011e-001
8.077801466e-001
7.046923637e-001
5.673191547e-001
4.569870532e-001
3.854773939e-001
3.523085713e-001
3.329994082e-001
2.948708832e-001
2.395627797e-001
1.622634679e-001
9.457911551e-002
7.070557773e-002
8.726177365e-002
8.103593439e-002
4.758954793e-002
-3.342195228e-002
-1.750122309e-001
-3.960048258e-001
-5.448333025e-001
-6.373143792e-001
-6.733133793e-001
-6.572583914e-001
-6.217070222e-001
-5.996928811e-001
-5.999013186e-001
-6.201795340e-001
-6.421896219e-001
-6.419816613e-001
-6.084453464e-001
-5.444234610e-001
-4.420577586e-001
-3.208767772e-001
-2.286592275e-001
-1.753494292e-001
-1.456089467e-001
-1.378602237e-001
-1.519439816e-001
-1.707336903e-001
-1.692314148e-001
-1.380984634e-001
-8.087889850e-002
-1.606950164e-002
3.498584032e-002
5.080405250e-002
2.595112100e-002
-2.833965607e-002
-8.603717387e-002
-1.193353459e-001
-1.128475219e-001
-7.293724269e-002
-1.857819222e-002
1.676366478e-002
1.471155882e-002
-2.272068895e-002
-1.053943932e-001
-2.106447816e-001
-3.012488484e-001
-3.493855894e-001
-3.398916423e-001
-2.906235158e-001
-2.342969626e-001
-2.128590047e-001
-2.314066440e-001
-2.967232168e-001
-4.018415213e-001
-4.967878759e-001
-5.490189791e-001
-5.716651082e-001
-5.613613725e-001
-5.315135717e-001
-5.009738803e-001
-4.746013880e-001
-4.519719481e-001
-4.326665401e-001
-4.057498574e-001
-3.634931147e-001
-3.067730367e-001
-2.398970276e-001
-1.670118570e-001
-1.064395905e-001
-6.914021820e-002
-4.365719482e-002
-2.718595974e-002
-2.886237018e-002
-4.108110443e-002
-5.148240924e-002
-5.889003351e-002
-5.709726363e-002
-4.130395874e-002
-1.630116813e-002
1.035227906e-002
3.629020602e-002
5.371544138e-002
5.232525989e-002
3.597528860e-002
1.124802791e-002
-1.202332694e-002
-1.776200533e-002
-4.959427752e-003
1.657850854e-002
3.659156337e-002
4.170580581e-002
2.528271265e-002
-8.790747263e-003
-5.074558035e-002
-8.746808022e-002
-1.094465032e-001
-1.172937676e-001
-1.194806099e-001
-1.226086318e-001
-1.330289245e-001
-1.513280123e-001
-1.648074090e-001
-1.675654501e-001
-1.619750410e-001
-1.469477117e-001
-1.305833608e-001
-1.222228557e-001
-1.183344051e-001
-1.145721897e-001
-1.112108678e-001
-1.066028997e-001
-9.811174870e-002
-9.041363001e-002
-8.781358600e-002
-8.616325259e-002
-8.309375495e-002
-7.583225518e-002
-6.068373099e-002
-4.170454666e-002
-2.181340009e-002
-6.498476956e-003
-2.690769499e-003
-7.298077922e-003
-1.601017267e-002
-2.375187911e-002
-2.543997765e-002
-2.136060037e-002
-8.203067817e-003
1.297785528e-002
3.247567639e-002
4.420147091e-002
4.863944277e-002
5.144451559e-002
5.520446226e-002
6.410980225e-002
8.434626460e-002
1.084657982e-001
1.279123574e-001
1.414151192e-001
1.496493518e-001
1.623221785e-001
1.819089055e-001
2.148048133e-001
2.604502738e-001
3.073610961e-001
3.504057825e-001
3.863408864e-001
4.138761759e-001
4.364303648e-001
4.604828358e-001
4.901501536e-001
5.315723419e-001
5.837293267e-001
6.358713508e-001
6.766188145e-001
7.110086679e-001
7.486404777e-001
7.793802023e-001
8.056442142e-001
8.344341516e-001
8.598150611e-001
8.812742233e-001
8.901590109e-001
8.633390069e-001
7.936557531e-001
6.957064867e-001
5.698142052e-001
4.614312351e-001
3.885518909e-001
3.420794904e-001
2.943958342e-001
2.351594120e-001
1.738451421e-001
1.053947434e-001
6.339167804e-002
6.487737596e-002
7.778856158e-002
6.398371607e-002
1.565050520e-002
-9.115879238e-002
-2.672703564e-001
-4.723125100e-001
-6.013277769e-001
-6.740176678e-001
-6.920054555e-001
-6.689960957e-001
-6.386830211e-001
-6.273717284e-001
-6.348928809e-001
-6.536875367e-001
-6.668684483e-001
-6.546691656e-001
-6.099272370e-001
-5.403177738e-001
-4.342416227e-001
-3.208416700e-001
-2.357934713e-001
-1.852275729e-001
-1.533882022e-001
-1.381924301e-001
-1.394799650e-001
-1.378722191e-001
-1.139273643e-001
-6.452297419e-002
-7.217430975e-004
5.533500761e-002
8.467940241e-002
7.886572182e-002
3.094494343e-002
-2.853795886e-002
-7.449886203e-002
-8.182228357e-002
-4.263114184e-002
2.403686196e-002
9.050708264e-002
1.151195243e-001
1.057299301e-001
5.535498261e-002
-3.243547678e-002
-1.355877072e-001
-2.198304236e-001
-2.566981614e-001
-2.406158447e-001
-2.044543475e-001
-1.756576598e-001
-1.740045696e-001
-2.075937837e-001
-2.869110107e-001
-3.846741915e-001
-4.669373333e-001
-5.154848099e-001
-5.305238962e-001
-5.187886357e-001
-4.963748157e-001
-4.700144529e-001
-4.438244998e-001
-4.303965569e-001
-4.198793769e-001
-3.995145559e-001
-3.669207096e-001
-3.134956360e-001
-2.426216155e-001
-1.724792123e-001
-1.296699792e-001
-1.023398638e-001
-9.562118351e-002
-1.108336449e-001
-1.388421953e-001
-1.614348590e-001
-1.736766398e-001
-1.690963358e-001
-1.518807411e-001
-1.299705207e-001
-1.037666202e-001
-7.839133590e-002
-6.006988138e-002
-4.826625437e-002
-4.334082454e-002
-4.635710642e-002
-5.299801752e-002
-5.620332435e-002
-5.208783969e-002
-3.953529894e-002
-2.148391679e-002
-9.153733961e-003
-1.309097651e-002
-3.534157947e-002
-7.292138785e-002
-1.147906110e-001
-1.479221433e-001
-1.675175577e-001
-1.739497632e-001
-1.724330932e-001
-1.718951613e-001
-1.795382649e-001
-1.955342293e-001
-2.097827643e-001
-2.105857432e-001
-1.953801662e-001
-1.705109179e-001
-1.452557743e-001
-1.269548535e-001
-1.204281002e-001
-1.250022799e-001
-1.335863918e-001
-1.389418840e-001
-1.377973855e-001
-1.326158792e-001
-1.285607368e-001
-1.258698404e-001
-1.225961298e-001
-1.163990647e-001
-1.019759774e-001
-7.985990494e-002
-5.753570423e-002
-3.907962516e-002
-2.540390752e-002
-1.680091769e-002
-1.014165767e-002
-2.052477794e-003
6.474777125e-003
1.490133628e-002
2.340310253e-002
2.836844325e-002
2.977953479e-002
3.486552089e-002
4.702029377e-002
6.353927404e-002
8.246648312e-002
1.010086462e-001
1.153555736e-001
1.256126463e-001
1.319297105e-001
1.314435601e-001
1.265333742e-001
1.285774857e-001
1.454615742e-001
1.777929217e-001
2.267139703e-001
2.845784724e-001
3.369356394e-001
3.759671152e-001
4.000415802e-001
4.128075242e-001
4.199917018e-001
4.362670183e-001
4.698293507e-001
5.180761814e-001
5.745686293e-001
6.289739609e-001
6.722281575e-001
7.052032351e-001
7.357426286e-001
7.655236125e-001
7.920904756e-001
8.188493848e-001
8.418844342e-001
8.557525277e-001
8.556951880e-001
8.316732049e-001
7.741751671e-001
6.893269420e-001
5.768083930e-001
4.861518741e-001
4.220900238e-001
3.834661245e-001
3.576223850e-001
3.111365736e-001
2.477880716e-001
1.785320193e-001
1.191507801e-001
8.728924394e-002
9.101808816e-002
7.745257020e-002
3.550145775e-002
-4.551641643e-002
-1.865662336e-001
-4.102576673e-001
-5.625590086e-001
-6.559848189e-001
-6.954962611e-001
-6.833741665e-001
-6.389434934e-001
-6.074687243e-001
-6.059701443e-001
-6.249719858e-001
-6.553434134e-001
-6.712336540e-001
-6.475259662e-001
-5.880799294e-001
-4.870796204e-001
-3.602648973e-001
-2.685108483e-001
-2.212151438e-001
-2.069234699e-001
-2.187868357e-001
-2.594280243e-001
-2.928667068e-001
-2.862328291e-001
-2.385859042e-001
-1.582060605e-001
-7.136215270e-002
-1.479469985e-002
2.918260638e-003
-2.812323347e-002
-9.071752429e-002
-1.446522027e-001
-1.656863391e-001
-1.416419446e-001
-7.506752014e-002
3.329558298e-003
5.142987147e-002
6.049958616e-002
2.843269706e-002
-4.293087125e-002
-1.426782459e-001
-2.254786789e-001
-2.705825567e-001
-2.594278455e-001
-2.089246362e-001
-1.631600708e-001
-1.541973203e-001
-1.786002815e-001
-2.458012402e-001
-3.518066704e-001
-4.530480206e-001
-5.117682815e-001
-5.354604721e-001
-5.252020359e-001
-4.945075512e-001
-4.561999738e-001
-4.240961969e-001
-4.158418477e-001
-4.279049635e-001
-4.382324517e-001
-4.295530319e-001
-3.998366892e-001
-3.453185558e-001
-2.746267617e-001
-2.099710256e-001
-1.769180894e-001
-1.680065542e-001
-1.838309765e-001
-2.155884355e-001
-2.408399582e-001
-2.451676726e-001
-2.328860760e-001
-2.101880014e-001
-1.822057962e-001
-1.611597389e-001
-1.439142227e-001
-1.261689365e-001
-1.130674407e-001
-1.014253125e-001
-9.122656286e-002
-8.464076370e-002
-7.857619971e-002
-6.955101341e-002
-5.161079019e-002
-2.442901582e-002
3.183359746e-003
1.598890312e-002
2.309671137e-003
-2.859436162e-002
-6.503812969e-002
-9.754984081e-002
-1.096422225e-001
-1.066757366e-001
-1.031340435e-001
-1.023923606e-001
-1.149693951e-001
-1.412915438e-001
-1.655197442e-001
-1.773744076e-001
-1.695480049e-001
-1.440165639e-001
-1.157784462e-001
-1.008164436e-001
-1.039237604e-001
-1.150054485e-001
-1.279599816e-001
-1.363859773e-001
-1.300847381e-001
-1.178719401e-001
-1.098731607e-001
-1.073190793e-001
-1.162084937e-001
-1.294751316e-001
-1.363020241e-001
-1.358605176e-001
-1.255327761e-001
-1.082639098e-001
-9.125468135e-002
-7.884438336e-002
-7.236690819e-002
-6.633506715e-002
-5.955406651e-002
-5.060237646e-002
-3.563561291e-002
-2.160278335e-002
-1.125536393e-002
-3.618516494e-003
-7.980405353e-004
4.894803278e-003
1.399167906e-002
2.172037214e-002
3.290459141e-002
4.653158784e-002
6.016104668e-002
7.602740824e-002
9.361021966e-002
1.130109429e-001
1.349856704e-001
1.643245965e-001
1.987756640e-001
2.333126962e-001
2.713964880e-001
3.092586100e-001
3.412811756e-001
3.695039749e-001
3.948310316e-001
4.178103507e-001
4.478469193e-001
4.874354005e-001
5.355861187e-001
5.892798901e-001
6.414636374e-001
6.859458089e-001
7.187157869e-001
7.476770282e-001
7.757817507e-001
7.993825674e-001
8.225306869e-001
8.444133401e-001
8.574079275e-001
8.547230363e-001
8.271582127e-001
7.709948421e-001
6.947740316e-001
6.096990108e-001
5.444539189e-001
4.940904975e-001
4.553152621e-001
4.111574590e-001
3.428547680e-001
2.702220082e-001
2.201473266e-001
1.815968007e-001
1.782473177e-001
1.848587990e-001
1.621920913e-001
9.824743867e-002
-1.260101888e-002
-1.877239496e-001
-3.820405006e-001
-5.035939217e-001
-5.672284365e-001
-5.845330954e-001
-5.682402849e-001
-5.478632450e-001
-5.512067080e-001
-5.700604320e-001
-5.902405977e-001
-6.038869023e-001
-5.938280821e-001
-5.524457693e-001
-4.803263843e-001
-3.814677894e-001
-2.885881662e-001
-2.320348173e-001
-2.040224224e-001
-1.963735968e-001
-2.097312063e-001
-2.315033525e-001
-2.340159565e-001
-2.039882094e-001
-1.420183331e-001
-6.258274615e-002
9.215136990e-003
4.363933951e-002
3.384707868e-002
-1.691144891e-002
-6.852924079e-002
-9.747795761e-002
-8.840759099e-002
-3.320915252e-002
4.492081329e-002
1.128394082e-001
1.403645873e-001
1.350139230e-001
9.285253286e-002
1.810628176e-002
-5.773274601e-002
-1.137282252e-001
-1.322481632e-001
-1.103829071e-001
-7.798293233e-002
-6.101367995e-002
-7.278974354e-002
-1.119908914e-001
-1.962373257e-001
-2.970630229e-001
-3.842488527e-001
-4.289877713e-001
-4.453895390e-001
-4.395366907e-001
-4.251270294e-001
-4.071559012e-001
-3.970463872e-001
-4.022003114e-001
-4.141852558e-001
-4.136629105e-001
-3.924334049e-001
-3.527582884e-001
-2.974431515e-001
-2.378371209e-001
-1.969268173e-001
-1.840289682e-001
-1.872146875e-001
-2.094017863e-001
-2.398787290e-001
-2.602980435e-001
-2.658625841e-001
-2.612450421e-001
-2.430465519e-001
-2.144676596e-001
-1.829380542e-001
-1.494795531e-001
-1.199094653e-001
-1.041337699e-001
-1.023068428e-001
-1.053875312e-001
-1.068299040e-001
-9.957906604e-002
-7.369412482e-002
-3.470372036e-002
4.258484114e-004
2.055718191e-002
1.737669297e-002
-1.009269059e-002
-5.016430840e-002
-8.530116826e-002
-1.020348445e-001
-1.028474122e-001
-9.635055810e-002
-8.898769319e-002
-9.039650857e-002
-1.026311517e-001
-1.203315705e-001
-1.398718357e-001
-1.526116431e-001
-1.522159427e-001
-1.420363188e-001
-1.266112328e-001
-1.102346331e-001
-9.768889844e-002
-9.217439592e-002
-9.130989015e-002
-9.073147178e-002
-9.128255397e-002
-9.046708047e-002
-8.529581130e-002
-7.880777866e-002
-6.929359585e-002
-5.817372352e-002
-5.264529586e-002
-5.025692657e-002
-4.646421224e-002
-4.207319021e-002
-3.790967539e-002
-3.352744877e-002
-2.718141861e-002
-2.054256201e-002
-1.447821781e-002
-5.682586692e-003
5.647411570e-003
1.809394173e-002
2.975824103e-002
3.821511567e-002
4.716442898e-002
5.759690702e-002
6.967537850e-002
8.798882365e-002
1.100452393e-001
1.298352778e-001
1.455448568e-001
1.564375013e-001
1.612021774e-001
1.624827087e-001
1.704627126e-001
1.855198443e-001
2.121945918e-001
2.535203099e-001
3.003916144e-001
3.375080824e-001
3.652268648e-001
3.853793144e-001
4.027927518e-001
4.223671257e-001
4.507234097e-001
4.924806952e-001
5.427514315e-001
5.971595049e-001
6.541866660e-001
7.023140788e-001
7.375860810e-001
7.660790086e-001
7.899110317e-001
8.124375939e-001
8.366274834e-001
8.630990386e-001
8.808510900e-001
8.730579615e-001
8.306849003e-001
7.498804927e-001
6.297972798e-001
5.250495672e-001
4.544434845e-001
4.112341404e-001
3.975947797e-001
3.811362088e-001
3.380442262e-001
2.900226414e-001
2.407814711e-001
1.995272934e-001
1.870345771e-001
1.725463569e-001
1.327252686e-001
4.050008208e-002
-9.565028548e-002
-3.111329377e-001
-4.965917468e-001
-6.056918502e-001
-6.622596979e-001
-6.764221787e-001
-6.573514938e-001
-6.421484351e-001
-6.476854682e-001
-6.613402367e-001
-6.781659126e-001
-6.835181117e-001
-6.648532152e-001
-6.235851645e-001
-5.562182665e-001
-4.873965383e-001
-4.282945395e-001
-3.987928927e-001
-3.935794532e-001
-3.937315345e-001
-4.030480385e-001
-4.032129645e-001
-3.777306080e-001
-3.322346509e-001
-2.603176236e-001
-1.864491254e-001
-1.425740123e-001
-1.260262877e-001
-1.449583918e-001
-1.837745160e-001
-2.040248662e-001
-1.915873885e-001
-1.400833726e-001
-6.155272573e-002
1.740013063e-002
7.457499951e-002
9.579391032e-002
9.166831523e-002
5.955347791e-002
-6.721955724e-004
-4.055260867e-002
-5.686191097e-002
-4.858972505e-002
-7.566342596e-003
1.845542528e-002
1.079735626e-002
-1.651973650e-002
-7.775345445e-002
-1.710161716e-001
-2.649859488e-001
-3.280455172e-001
-3.570114970e-001
-3.624465168e-001
-3.528671563e-001
-3.434879184e-001
-3.541511595e-001
-3.662790954e-001
-3.793156743e-001
-3.835272789e-001
-3.559733033e-001
-3.132247627e-001
-2.680296302e-001
-2.237031162e-001
-2.017393261e-001
-2.088427097e-001
-2.377787381e-001
-2.735531032e-001
-2.964013517e-001
-3.004045486e-001
-2.869783342e-001
-2.701137662e-001
-2.606803477e-001
-2.500064075e-001
-2.385332286e-001
-2.247236818e-001
-2.013047487e-001
-1.724263430e-001
-1.376878470e-001
-1.037979126e-001
-8.306029439e-002
-6.985615939e-002
-5.739917234e-002
-3.802988306e-002
-5.100820214e-003
3.075588308e-002
5.732726306e-002
6.973188370e-002
6.682974100e-002
5.369586125e-002
3.576368839e-002
1.821100712e-002
6.203076802e-003
3.853846574e-003
7.894043811e-003
8.793867193e-003
7.385572884e-003
9.175874293e-003
1.333898026e-002
2.161293849e-002
3.155614063e-002
3.408794850e-002
2.833267301e-002
2.114213631e-002
1.881738938e-002
2.633704059e-002
4.639181495e-002
7.255965471e-002
9.451690316e-002
1.070458144e-001
1.031707004e-001
8.435958624e-002
6.509982795e-002
5.232591182e-002
5.227746442e-002
7.001563162e-002
9.497783333e-002
1.169734597e-001
1.318213195e-001
1.369014829e-001
1.363277137e-001
1.366862059e-001
1.443185210e-001
1.592590362e-001
1.786211878e-001
2.027359754e-001
2.230043262e-001
2.361879498e-001
2.467568815e-001
2.449899763e-001
2.324955910e-001
2.258722484e-001
2.267818749e-001
2.344944775e-001
2.481331676e-001
2.608092129e-001
2.662643492e-001
2.641380131e-001
2.587176561e-001
2.547266781e-001
2.605392933e-001
2.867681384e-001
3.222081065e-001
3.540411592e-001
3.848781288e-001
4.041158855e-001
4.164532423e-001
4.350090623e-001
4.600018263e-001
4.969602823e-001
5.475360155e-001
5.984300971e-001
6.475189924e-001
6.933016777e-001
7.304601073e-001
7.638621330e-001
7.988739610e-001
8.306036592e-001
8.616114259e-001
8.874890804e-001
9.078800678e-001
9.150013924e-001
8.979182839e-001
8.494945765e-001
7.726796269e-001
6.810362339e-001
6.114155650e-001
5.533975363e-001
5.178133249e-001
4.942221642e-001
4.562432468e-001
4.162245095e-001
3.920238912e-001
3.871945143e-001
4.033799767e-001
3.995950222e-001
3.757177889e-001
3.114041090e-001
1.984435767e-001
3.973748535e-002
-1.628071070e-001
-3.016478717e-001
-3.809621930e-001
-4.272292256e-001
-4.497011006e-001
-4.636224508e-001
-4.877470434e-001
-5.188093781e-001
-5.433952212e-001
-5.502885580e-001
-5.359348059e-001
-5.031141639e-001
-4.512721002e-001
-4.048510194e-001
-3.705661893e-001
-3.493139446e-001
-3.473213315e-001
-3.511982262e-001
-3.553154767e-001
-3.669986129e-001
-3.685625494e-001
-3.523505926e-001
-3.212662041e-001
-2.719901800e-001
-2.203353345e-001
-1.810971200e-001
-1.690989882e-001
-1.849958897e-001
-2.038757801e-001
-2.096308321e-001
-1.937928945e-001
-1.483092159e-001
