-2.122507431e-005
-5.611847155e-005
-1.227799803e-004
-2.300136257e-004
-3.721404355e-004
-5.393188912e-004
-7.208881434e-004
-9.062252939e-004
-1.092917053e-003
-1.273073256e-003
-1.429173863e-003
-1.538276672e-003
-1.560469158e-003
-1.461812062e-003
-1.236894634e-003
-8.908319287e-004
-4.205626901e-004
1.921977382e-004
9.774107020e-004
1.980652334e-003
3.247725079e-003
4.798442125e-003
6.644492038e-003
8.783147670e-003
1.118554454e-002
1.383597776e-002
1.672666147e-002
1.985422894e-002
2.324138582e-002
2.690620162e-002
3.085069731e-002
3.507648408e-002
4.766761884e-002
5.772286281e-002
7.477410138e-002
9.533260018e-002
1.138775945e-001
1.289016306e-001
1.405714154e-001
1.496960223e-001
1.605776250e-001
1.726947278e-001
1.840339452e-001
1.943099052e-001
1.958585829e-001
1.934415400e-001
2.018872350e-001
2.266929746e-001
2.652283013e-001
3.110269606e-001
3.575085700e-001
3.923395276e-001
4.178027511e-001
4.419438839e-001
4.663825333e-001
4.952322245e-001
5.371732116e-001
5.860254765e-001
6.373925209e-001
6.885427833e-001
7.290795445e-001
7.610763907e-001
7.875137329e-001
8.127829432e-001
8.402660489e-001
8.690288067e-001
8.937091231e-001
9.009904265e-001
8.752350211e-001
8.077437282e-001
7.046560049e-001
5.672833920e-001
4.569515884e-001
3.854413927e-001
3.522721529e-001
3.329623342e-001
2.948268056e-001
2.395183593e-001
1.622088552e-001
9.452544153e-002
7.065270841e-002
8.720820397e-002
8.098178357e-002
4.753978178e-002
-3.347207233e-002
-1.750624776e-001
-3.960503340e-001
-5.448797345e-001
-6.373612881e-001
-6.733604074e-001
-6.573050022e-001
-6.217529178e-001
-5.997380018e-001
-5.999457836e-001
-6.202194691e-001
-6.422298551e-001
-6.420223713e-001
-6.084860563e-001
-5.444633365e-001
-4.420966804e-001
-3.209136724e-001
-2.286936790e-001
-1.753870845e-001
-1.456506699e-001
-1.379034221e-001
-1.519890428e-001
-1.707871258e-001
-1.692849398e-001
-1.381511390e-001
-8.093018085e-002
-1.611973532e-002
3.493781760e-002
5.075607449e-002
2.589995787e-002
-2.839211933e-002
-8.609087765e-002
-1.193898693e-001
-1.129023582e-001
-7.299183309e-002
-1.863209344e-002
1.671245322e-002
1.466038264e-002
-2.277221531e-002
-1.054480746e-001
-2.106996477e-001
-3.013047874e-001
-3.494411707e-001
-3.399412036e-001
-2.906724811e-001
-2.343404889e-001
-2.129011452e-001
-2.314487100e-001
-2.967665493e-001
-4.018860161e-001
-4.968327284e-001
-5.490646958e-001
-5.717079043e-001
-5.614072680e-001
-5.315586925e-001
-5.010181069e-001
-4.746448100e-001
-4.520156085e-001
-4.327101707e-001
-4.057937264e-001
-3.635372519e-001
-3.068172932e-001
-2.399452031e-001
-1.670663208e-001
-1.064919233e-001
-6.919128448e-002
-4.370726645e-002
-2.723558620e-002
-2.891291119e-002
-4.113235325e-002
-5.153461173e-002
-5.894329026e-002
-5.715126544e-002
-4.135825485e-002
-1.635542326e-002
1.029830426e-002
3.623651713e-002
5.366170406e-002
5.227117613e-002
3.592082113e-002
1.119310223e-002
-1.207874343e-002
-1.781760529e-002
-5.014944822e-003
1.652312279e-002
3.653642908e-002
4.165090621e-002
2.522783168e-002
-8.845687844e-003
-5.080068856e-002
-8.752360195e-002
-1.095024347e-001
-1.173498407e-001
-1.195365563e-001
-1.226641387e-001
-1.330838352e-001
-1.513825059e-001
-1.648618132e-001
-1.676199883e-001
-1.620298773e-001
-1.470029205e-001
-1.306388229e-001
-1.222782880e-001
-1.183894798e-001
-1.146267280e-001
-1.112649515e-001
-1.066566929e-001
-9.816534072e-002
-9.046708792e-002
-8.786692470e-002
-8.621645719e-002
-8.314687759e-002
-7.588531822e-002
-6.073674187e-002
-4.175752401e-002
-2.186619677e-002
-6.550911814e-003
-2.742924029e-003
-7.350170054e-003
-1.606231183e-002
-2.380405553e-002
-2.549216151e-002
-2.141272090e-002
-8.255067281e-003
1.292590611e-002
3.242373839e-002
4.414957017e-002
4.858730733e-002
5.139167979e-002
5.515062064e-002
6.405501068e-002
8.429090679e-002
1.084102690e-001
1.278566718e-001
1.413589567e-001
1.495925933e-001
1.622779369e-001
1.818645746e-001
2.147603631e-001
2.604058385e-001
3.073168397e-001
3.503617048e-001
3.863012493e-001
4.138361514e-001
4.363897145e-001
4.604419172e-001
4.901097417e-001
5.315329432e-001
5.836912394e-001
6.358342767e-001
6.765821576e-001
7.109720707e-001
7.486037612e-001
7.793432474e-001
8.056074977e-001
8.343978524e-001
8.597790599e-001
8.812382221e-001
8.901228905e-001
8.633026481e-001
7.936193943e-001
6.956704259e-001
5.697786212e-001
4.613958001e-001
3.885160983e-001
3.420430422e-001
2.943522632e-001
2.351150662e-001
1.737901419e-001
1.053405628e-001
6.333855540e-002
6.482484192e-002
7.773482054e-002
6.392920017e-002
1.560069621e-002
-9.120901674e-002
-2.673209310e-001
-4.723584056e-001
-6.013742685e-001
-6.740644574e-001
-6.920521259e-001
-6.690422297e-001
-6.387284994e-001
-6.274166107e-001
-6.349329948e-001
-6.537277102e-001
-6.669090390e-001
-6.547102332e-001
-6.099680662e-001
-5.403573513e-001
-4.342797697e-001
-3.208777905e-001
-2.358275503e-001
-1.852653474e-001
-1.534303725e-001
-1.382361352e-001
-1.395326704e-001
-1.379256397e-001
-1.139804721e-001
-6.457506865e-002
-7.726845797e-004
5.528622866e-002
8.463107049e-002
7.881490886e-002
3.089305013e-002
-2.859091200e-002
-7.455273718e-002
-8.187675476e-002
-4.268576950e-002
2.398241870e-002
9.045533091e-002
1.150680855e-001
1.056785136e-001
5.530299619e-002
-3.248971701e-002
-1.356430352e-001
-2.198868394e-001
-2.567550242e-001
-2.406722754e-001
-2.045099586e-001
-1.757123619e-001
-1.740467697e-001
-2.076369375e-001
-2.869551182e-001
-3.847194016e-001
-4.669827819e-001
-5.155310035e-001
-5.305699706e-001
-5.188340545e-001
-4.964192510e-001
-4.700579345e-001
-4.438681901e-001
-4.304401278e-001
-4.199230373e-001
-3.995583057e-001
-3.669647276e-001
-3.135397136e-001
-2.426694483e-001
-1.725254506e-001
-1.297221631e-001
-1.023909524e-001
-9.567157924e-002
-1.108846664e-001
-1.388933957e-001
-1.614866853e-001
-1.737295687e-001
-1.691502780e-001
-1.519352496e-001
-1.300251484e-001
-1.038209498e-001
-7.844525576e-002
-6.012371927e-002
-4.832028225e-002
-4.339513555e-002
-4.641187564e-002
-5.305320024e-002
-5.625852942e-002
-5.214278400e-002
-3.958996013e-002
-2.153830975e-002
-9.208038449e-003
-1.314543746e-002
-3.539621085e-002
-7.297620177e-002
-1.148457527e-001
-1.479775608e-001
-1.675731391e-001
-1.740055084e-001
-1.724888384e-001
-1.719506234e-001
-1.795932353e-001
-1.955887675e-001
-2.098370492e-001
-2.106400728e-001
-1.954348981e-001
-1.705660820e-001
-1.453111321e-001
-1.270101368e-001
-1.204831079e-001
-1.250569224e-001
-1.336407214e-001
-1.389960051e-001
-1.378513873e-001
-1.326698363e-001
-1.286146492e-001
-1.259235293e-001
-1.226494834e-001
-1.164523065e-001
-1.020293757e-001
-7.991349697e-002
-5.758936331e-002
-3.913310543e-002
-2.545693330e-002
-1.685344800e-002
-1.019383688e-002
-2.104456071e-003
6.422859151e-003
1.484940667e-002
2.335118689e-002
2.831653692e-002
2.972755581e-002
3.481343389e-002
4.696807638e-002
6.348677725e-002
8.241348714e-002
1.009550542e-001
1.153014451e-001
1.255580634e-001
1.318746954e-001
1.313881278e-001
1.264773607e-001
1.285207123e-001
1.454170346e-001
1.777482629e-001
2.266694307e-001
2.845341563e-001
3.368915617e-001
3.759231567e-001
4.000022709e-001
4.127679467e-001
4.199515879e-001
4.362263978e-001
4.697888494e-001
5.180364847e-001
5.745301247e-001
6.289366484e-001
6.721916795e-001
7.051668167e-001
7.357060313e-001
7.654864788e-001
7.920535207e-001
8.188124895e-001
8.418477774e-001
8.557161093e-001
8.556588292e-001
8.316367865e-001
7.741386890e-001
6.892904639e-001
5.767723918e-001
4.861164093e-001
4.220543504e-001
3.834297657e-001
3.575853407e-001
3.110924661e-001
2.477434576e-001
1.784773618e-001
1.190971658e-001
8.723649383e-002
9.096509963e-002
7.739926130e-002
3.545227647e-002
-4.556620121e-002
-1.866166443e-001
-4.103035033e-001
-5.626056790e-001
-6.560316682e-001
-6.955429316e-001
-6.834201813e-001
-6.389884949e-001
-6.075086594e-001
-6.060099006e-001
-6.250116825e-001
-6.553834081e-001
-6.712741256e-001
-6.475664973e-001
-5.881196856e-001
-4.871183038e-001
-3.603014350e-001
-2.685451508e-001
-2.212490588e-001
-2.069578767e-001
-2.188223153e-001
-2.594693601e-001
-2.929088175e-001
-2.862791419e-001
-2.386392504e-001
-1.582580358e-001
-7.141291350e-002
-1.484321244e-002
2.869719174e-003
-2.817512304e-002
-9.077086300e-002
-1.447068006e-001
-1.657386422e-001
-1.416973025e-001
-7.512243092e-002
3.275441704e-003
5.137882382e-002
6.044876948e-002
2.838153020e-002
-4.298439994e-002
-1.427330226e-001
-2.255347520e-001
-2.706393898e-001
-2.594844103e-001
-2.089801878e-001
-1.632076949e-001
-1.542430818e-001
-1.786416620e-001
-2.458443791e-001
-3.518510461e-001
-4.530926347e-001
-5.118139386e-001
-5.355018973e-001
-5.252429843e-001
-4.945477843e-001
-4.562406540e-001
-4.241360426e-001
-4.158812761e-001
-4.279443920e-001
-4.382719696e-001
-4.295926392e-001
-3.998764753e-001
-3.453626633e-001
-2.746701539e-001
-2.100125998e-001
-1.769628972e-001
-1.680506021e-001
-1.838753968e-001
-2.156400383e-001
-2.408921272e-001
-2.452208251e-001
-2.329404056e-001
-2.102430761e-001
-1.822609007e-001
-1.612144560e-001
-1.439682543e-001
-1.262224168e-001
-1.131211296e-001
-1.014796048e-001
-9.128142893e-002
-8.469603956e-002
-7.863151282e-002
-6.960604340e-002
-5.166545883e-002
-2.448341995e-002
3.129108110e-003
1.593458280e-002
2.255119849e-003
-2.864894830e-002
-6.509269029e-002
-9.760459512e-002
-1.096971557e-001
-1.067308933e-001
-1.031895354e-001
-1.024479344e-001
-1.150247157e-001
-1.413464248e-001
-1.655741781e-001
-1.774288118e-001
-1.696028113e-001
-1.440718621e-001
-1.158339977e-001
-1.008719057e-001
-1.039788797e-001
-1.150600836e-001
-1.280142516e-001
-1.364401281e-001
-1.301388741e-001
-1.179261878e-001
-1.099274904e-001
-1.073732004e-001
-1.162622795e-001
-1.295286417e-001
-1.363554448e-001
-1.359141618e-001
-1.255866438e-001
-1.083176881e-001
-9.130804241e-002
-7.889721543e-002
-7.241930813e-002
-6.638720632e-002
-5.960623920e-002
-5.065474287e-002
-3.568801284e-002
-2.165513113e-002
-1.130752545e-002
-3.670369275e-003
-8.498234674e-004
4.842833616e-003
1.393932104e-002
2.166730911e-002
3.285079077e-002
4.647734389e-002
6.010657549e-002
7.597272098e-002
9.355518967e-002
1.129552945e-001
1.349291354e-001
1.642674804e-001
1.987311989e-001
2.332683951e-001
2.713525295e-001
3.092150092e-001
3.412376642e-001
3.694647253e-001
3.947914243e-001
4.177702665e-001
4.478065968e-001
4.873954952e-001
5.355470777e-001
5.892418027e-001
6.414263844e-001
6.859089136e-001
7.186787128e-001
7.476399541e-001
7.757445574e-001
7.993457913e-001
8.224941492e-001
8.443769813e-001
8.573713899e-001
8.546863198e-001
8.271214366e-001
7.709581852e-001
6.947377920e-001
6.096633673e-001
5.444185734e-001
4.940547347e-001
4.552787840e-001
4.111203253e-001
3.428169787e-001
2.701774836e-001
2.200994790e-001
1.815440506e-001
1.781947762e-001
1.848051995e-001
1.621377617e-001
9.819226712e-002
-1.265130006e-002
-1.877745241e-001
-3.820923269e-001
-5.036463141e-001
-5.672751069e-001
-5.845795870e-001
-5.682860017e-001
-5.479081273e-001
-5.512510538e-001
-5.701045394e-001
-5.902847052e-001
-6.039315462e-001
-5.938731432e-001
-5.524905324e-001
-4.803698063e-001
-3.815092742e-001
-2.886276841e-001
-2.320730835e-001
-2.040608972e-001
-1.964130700e-001
-2.097763568e-001
-2.315567285e-001
-2.340697646e-001
-2.040416002e-001
-1.420708597e-001
-6.263440847e-002
9.164009243e-003
4.358961806e-002
3.379505500e-002
-1.696457900e-002
-6.858322769e-002
-9.753251821e-002
-8.846250176e-002
-3.326408565e-002
4.486624151e-002
1.127876043e-001
1.403133273e-001
1.349627823e-001
9.280078113e-002
1.805224270e-002
-5.778792873e-002
-1.137842983e-001
-1.323043555e-001
-1.104383245e-001
-7.803729177e-002
-6.106614321e-002
-7.284194976e-002
-1.120445356e-001
-1.962922066e-001
-2.971194386e-001
-3.843010664e-001
-4.290333092e-001
-4.454349279e-001
-4.395814836e-001
-4.251710474e-001
-4.072003067e-001
-3.970902264e-001
-4.022440612e-001
-4.142291546e-001
-4.137070179e-001
-3.924776912e-001
-3.528026938e-001
-2.974871993e-001
-2.378802747e-001
-1.969683766e-001
-1.840739846e-001
-1.872596890e-001
-2.094466686e-001
-2.399311364e-001
-2.603512406e-001
-2.659167051e-001
-2.612999082e-001
-2.431014776e-001
-2.145221382e-001
-1.829920113e-001
-1.495330930e-001
-1.199629828e-001
-1.041877121e-001
-1.023612544e-001
-1.054421812e-001
-1.068846583e-001
-9.963376820e-002
-7.374855876e-002
-3.475780785e-002
3.720424138e-004
2.050361410e-002
1.732320711e-002
-1.014636457e-002
-5.021839589e-002
-8.535581827e-002
-1.020900309e-001
-1.029029191e-001
-9.640608728e-002
-8.904296905e-002
-9.045139700e-002
-1.026856601e-001
-1.203859523e-001
-1.399265528e-001
-1.526668370e-001
-1.522715241e-001
-1.420921385e-001
-1.266669780e-001
-1.102899760e-001
-9.774383157e-002
-9.222906828e-002
-9.136437625e-002
-9.078583121e-002
-9.133685380e-002
-9.052117169e-002
-8.534967154e-002
-7.886154950e-002
-6.934724003e-002
-5.822717771e-002
-5.269873887e-002
-5.031036586e-002
-4.651749879e-002
-4.212634265e-002
-3.796277940e-002
-3.358045965e-002
-2.723426558e-002
-2.059533633e-002
-1.453093812e-002
-5.735088605e-003
5.595150869e-003
1.804185100e-002
2.970626578e-002
3.816312551e-002
4.711237550e-002
5.754475668e-002
6.962291896e-002
8.793574572e-002
1.099915057e-001
1.297811121e-001
1.454903781e-001
1.563827246e-001
1.611471176e-001
1.624270678e-001
1.704191715e-001
1.854759753e-001
2.121505141e-001
2.534760833e-001
3.003475368e-001
3.374642432e-001
3.651877940e-001
3.853399754e-001
4.027528763e-001
4.223265946e-001
4.506827593e-001
4.924408495e-001
5.427127481e-001
5.971218348e-001
6.541496515e-001
7.022772431e-001
7.375490069e-001
7.660413980e-001
7.898737192e-001
8.124005795e-001
8.365908861e-001
8.630626798e-001
8.808146119e-001
8.730211258e-001
8.306477666e-001
7.498433590e-001
6.297605634e-001
5.250135064e-001
4.544075131e-001
4.111975729e-001
3.975577354e-001
3.810985982e-001
3.379996717e-001
2.899785042e-001
2.407284826e-001
1.994749308e-001
1.869819164e-001
1.724929214e-001
1.326708496e-001
4.044499621e-002
-9.570033848e-002
-3.111833036e-001
-4.966370761e-001
-6.057373285e-001
-6.623051763e-001
-6.764677167e-001
-6.573919058e-001
-6.421885490e-001
-6.477252245e-001
-6.613795757e-001
-6.782053709e-001
-6.835580468e-001
-6.648932695e-001
-6.236249208e-001
-5.562568307e-001
-4.874334633e-001
-4.283300936e-001
-3.988281488e-001
-3.936152458e-001
-3.937679529e-001
-4.030852318e-001
-4.032506943e-001
-3.777683079e-001
-3.322762549e-001
-2.603588700e-001
-1.864902675e-001
-1.426257342e-001
-1.260783970e-001
-1.450112015e-001
-1.838282347e-001
-2.040791065e-001
-1.916417480e-001
-1.401377171e-001
-6.160708144e-002
1.734592579e-002
7.452328503e-002
9.574241936e-002
9.161668271e-002
5.949970335e-002
-7.270462811e-004
-4.060807079e-002
-5.691738799e-002
-4.864479229e-002
-7.620495278e-003
1.840351894e-002
1.074549556e-002
-1.657209173e-002
-7.780792564e-002
-1.710718572e-001
-2.650428712e-001
-3.281019330e-001
-3.570679724e-001
-3.625026047e-001
-3.529239595e-001
-3.435394764e-001
-3.541957438e-001
-3.663233519e-001
-3.793597817e-001
-3.835714757e-001
-3.560174108e-001
-3.132688105e-001
-2.680736184e-001
-2.237465382e-001
-2.017820179e-001
-2.088848650e-001
-2.378205955e-001
-2.735948861e-001
-2.964473665e-001
-3.004578948e-001
-2.870321870e-001
-2.701683044e-001
-2.607354224e-001
-2.500613630e-001
-2.385878414e-001
-2.247780412e-001
-2.013588399e-001
-1.724804193e-001
-1.377420872e-001
-1.038522199e-001
-8.311456442e-002
-6.991033256e-002
-5.745325983e-002
-3.808388487e-002
-5.154705606e-003
3.070217371e-002
5.727387220e-002
6.967867166e-002
6.677646190e-002
5.364250764e-002
3.571013361e-002
1.815699786e-002
6.148503162e-003
3.798842896e-003
7.839004509e-003
8.739182726e-003
7.331437431e-003
9.122030810e-003
1.328484714e-002
2.155832201e-002
3.150108084e-002
3.403245285e-002
2.827701718e-002
2.108658850e-002
1.876207255e-002
2.628214844e-002
4.633734375e-002
7.250533998e-002
9.446257353e-002
1.069915444e-001
1.031165496e-001
8.430545777e-002
6.504562497e-002
5.227146298e-002
5.222270265e-002
6.996100396e-002
9.492374212e-002
1.169199198e-001
1.317682862e-001
1.368487924e-001
1.362750977e-001
1.366335005e-001
1.442656666e-001
1.592061520e-001
1.785686165e-001
2.026840895e-001
2.229530960e-001
2.361370027e-001
2.467059940e-001
2.449389100e-001
2.324440628e-001
2.258201987e-001
2.267292589e-001
2.344535291e-001
2.480916530e-001
2.607672215e-001
2.662220001e-001
2.640953660e-001
2.586746514e-001
2.546833754e-001
2.604959309e-001
2.867247462e-001
3.221645057e-001
3.539974093e-001
3.848395050e-001
4.040771425e-001
4.164142013e-001
4.349697232e-001
4.599623680e-001
4.969212711e-001
5.474979877e-001
5.983929634e-001
6.474823952e-001
6.932655573e-001
7.304240465e-001
7.638258338e-001
7.988376617e-001
8.305667639e-001
8.615749478e-001
8.874528408e-001
9.078438282e-001
9.149649143e-001
8.978814483e-001
8.494575620e-001
7.726431489e-001
6.810001135e-001
6.113797426e-001
5.533613563e-001
5.177766681e-001
4.941850901e-001
4.562057257e-001
4.161869287e-001
3.919869363e-001
3.871582448e-001
4.033369124e-001
3.995417058e-001
3.756636679e-001
3.113492429e-001
1.983883083e-001
3.968243301e-002
-1.628627032e-001
-3.016990423e-001
-3.810135126e-001
-4.272806942e-001
-4.497524500e-001
-4.636673629e-001
-4.877915680e-001
-5.188534260e-001
-5.434390306e-001
-5.503324866e-001
-5.359789729e-001
-5.031578541e-001
-4.513148665e-001
-4.048925340e-001
-3.706022501e-001
-3.493492603e-001
-3.473568559e-001
-3.512343168e-001
-3.553521335e-001
-3.670359552e-001
-3.686047196e-001
-3.523924351e-001
-3.213120699e-001
-2.720357180e-001
-2.203807235e-001
-1.811498106e-001
-1.691521853e-001
-1.850496531e-001
-2.039298415e-001
-2.096850276e-001
-1.938471198e-001
-1.483633965e-001
