-2.097804099e-005
-5.557201803e-005
-1.215329394e-004
-2.278378233e-004
-3.690533340e-004
-5.352022126e-004
-7.162354887e-004
-9.012641385e-004
-1.087840647e-003
-1.268014312e-003
-1.424145885e-003
-1.533224247e-003
-1.556074247e-003
-1.458489336e-003
-1.234764233e-003
-8.895881474e-004
-4.191845655e-004
1.948168501e-004
9.819297120e-004
1.987095922e-003
3.255706280e-003
4.807805642e-003
6.655003875e-003
8.795212954e-003
1.119993813e-002
1.385303121e-002
1.674696431e-002
1.987753250e-002
2.326690964e-002
2.693315968e-002
3.087805212e-002
3.510414064e-002
4.769673198e-002
5.775440857e-002
7.480893284e-002
9.537106752e-002
1.139177755e-001
1.289398372e-001
1.406036317e-001
1.497192234e-001
1.605914235e-001
1.727010608e-001
1.840365976e-001
1.943115294e-001
1.958563328e-001
1.934376657e-001
2.018810362e-001
2.266854495e-001
2.652221620e-001
3.110252917e-001
3.575178087e-001
3.923567533e-001
4.178243876e-001
4.419645071e-001
4.663961530e-001
4.952352047e-001
5.371658206e-001
5.860111117e-001
6.373754144e-001
6.885263920e-001
7.290647626e-001
7.610624433e-001
7.874885201e-001
8.127552867e-001
8.402387500e-001
8.690057397e-001
8.936953545e-001
9.009887576e-001
8.752446771e-001
8.077613711e-001
7.046768069e-001
5.673145652e-001
4.569778740e-001
3.854518235e-001
3.522850871e-001
3.329698145e-001
2.948325574e-001
2.395229787e-001
1.622128785e-001
9.453240037e-002
7.066274434e-002
8.721965551e-002
8.099253476e-002
4.754402488e-002
-3.347266465e-002
-1.750753969e-001
-3.960666955e-001
-5.448825359e-001
-6.373544931e-001
-6.733410954e-001
-6.572739482e-001
-6.217144728e-001
-5.996975899e-001
-5.999076366e-001
-6.201965213e-001
-6.422079206e-001
-6.419987082e-001
-6.084595323e-001
-5.444355011e-001
-4.420751035e-001
-3.209001422e-001
-2.286922932e-001
-1.754039675e-001
-1.456769407e-001
-1.379328221e-001
-1.520152539e-001
-1.708103716e-001
-1.693012863e-001
-1.381640136e-001
-8.094313741e-002
-1.613315195e-002
3.492170200e-002
5.074698105e-002
2.590829134e-002
-2.837468684e-002
-8.607055247e-002
-1.193741858e-001
-1.128967330e-001
-7.299854606e-002
-1.864930987e-002
1.668644696e-002
1.463161409e-002
-2.280238643e-002
-1.054797843e-001
-2.107362896e-001
-3.013470173e-001
-3.494831026e-001
-3.399825096e-001
-2.907081246e-001
-2.343683243e-001
-2.129142880e-001
-2.314523757e-001
-2.967665195e-001
-4.018822312e-001
-4.968230426e-001
-5.490552783e-001
-5.717028975e-001
-5.614004135e-001
-5.315532088e-001
-5.010136962e-001
-4.746408761e-001
-4.520151615e-001
-4.327089787e-001
-4.057929814e-001
-3.635390401e-001
-3.068231940e-001
-2.399548888e-001
-1.670815051e-001
-1.065096334e-001
-6.921188533e-002
-4.372751340e-002
-2.725202963e-002
-2.892050147e-002
-4.113661870e-002
-5.153850839e-002
-5.894931033e-002
-5.715999752e-002
-4.136753827e-002
-1.636140794e-002
1.029859949e-002
3.624318168e-002
5.367209017e-002
5.228005350e-002
3.592205793e-002
1.118301507e-002
-1.210049912e-002
-1.784809306e-002
-5.048743449e-003
1.649093628e-002
3.650862724e-002
4.162794352e-002
2.520835027e-002
-8.863287978e-003
-5.081731454e-002
-8.753877133e-002
-1.095146090e-001
-1.173578799e-001
-1.195398048e-001
-1.226630062e-001
-1.330801249e-001
-1.513777375e-001
-1.648567319e-001
-1.676148772e-001
-1.620246023e-001
-1.469975114e-001
-1.306339949e-001
-1.222752929e-001
-1.183891594e-001
-1.146287844e-001
-1.112682223e-001
-1.066590995e-001
-9.816477448e-002
-9.046302736e-002
-8.786019683e-002
-8.620869368e-002
-8.313941211e-002
-7.587775588e-002
-6.072782725e-002
-4.174565151e-002
-2.184958011e-002
-6.529239938e-003
-2.717487514e-003
-7.323162630e-003
-1.603640988e-002
-2.378082089e-002
-2.547104843e-002
-2.139174938e-002
-8.231861517e-003
1.295322552e-002
3.245555609e-002
4.418435320e-002
4.862271994e-002
5.142479390e-002
5.517758429e-002
6.407356262e-002
8.430165797e-002
1.084148735e-001
1.278572232e-001
1.413568556e-001
1.495875269e-001
1.622686237e-001
1.818536967e-001
2.147496939e-001
2.603980899e-001
3.073148727e-001
3.503669500e-001
3.863160908e-001
4.138537049e-001
4.364050925e-001
4.604505599e-001
4.901095033e-001
5.315251946e-001
5.836789608e-001
6.358205080e-001
6.765685678e-001
7.109581828e-001
7.485882640e-001
7.793148160e-001
8.055768609e-001
8.343686461e-001
8.597557545e-001
8.812251091e-001
8.901214600e-001
8.633112907e-001
7.936346531e-001
6.956878901e-001
5.698060989e-001
4.614185393e-001
3.885326087e-001
3.420534134e-001
2.943591774e-001
2.351204753e-001
1.737935692e-001
1.053473502e-001
6.334935129e-002
6.483832002e-002
7.774946094e-002
6.394207478e-002
1.560486294e-002
-9.121043980e-002
-2.673349679e-001
-4.723651409e-001
-6.013754606e-001
-6.740548611e-001
-6.920301914e-001
-6.690096259e-001
-6.386892796e-001
-6.273753047e-001
-6.349053383e-001
-6.537010074e-001
-6.668820977e-001
-6.546816230e-001
-6.099379659e-001
-5.403288007e-001
-4.342605770e-001
-3.208684325e-001
-2.358306795e-001
-1.852856874e-001
-1.534575671e-001
-1.382641643e-001
-1.395607740e-001
-1.379463971e-001
-1.139952242e-001
-6.458692253e-002
-7.837237790e-004
5.527096987e-002
8.461865783e-002
7.881687582e-002
3.090354800e-002
-2.857470140e-002
-7.453625649e-002
-8.186607063e-002
-4.268511385e-002
2.397215925e-002
9.043287486e-002
1.150398552e-001
1.056466922e-001
5.526834354e-002
-3.252752498e-002
-1.356866509e-001
-2.199354768e-001
-2.568062246e-001
-2.407215834e-001
-2.045522332e-001
-1.757437885e-001
-1.740628481e-001
-2.076450437e-001
-2.869541943e-001
-3.847130239e-001
-4.669691622e-001
-5.155171752e-001
-5.305582881e-001
-5.188252926e-001
-4.964128733e-001
-4.700532258e-001
-4.438682795e-001
-4.304401278e-001
-4.199242592e-001
-3.995625973e-001
-3.669734001e-001
-3.135531843e-001
-2.426854223e-001
-1.725402176e-001
-1.297399253e-001
-1.024085879e-001
-9.568658471e-002
-1.108925343e-001
-1.388965547e-001
-1.614869833e-001
-1.737292409e-001
-1.691516042e-001
-1.519384533e-001
-1.300282627e-001
-1.038217470e-001
-7.844220847e-002
-6.011680514e-002
-4.831218347e-002
-4.339067638e-002
-4.641580582e-002
-5.306861550e-002
-5.628552660e-002
-5.217771232e-002
-3.962733597e-002
-2.157331258e-002
-9.237450548e-003
-1.316833310e-002
-3.541377187e-002
-7.299028337e-002
-1.148576885e-001
-1.479876786e-001
-1.675807685e-001
-1.740095019e-001
-1.724886745e-001
-1.719468981e-001
-1.795873046e-001
-1.955824047e-001
-2.098319232e-001
-2.106368691e-001
-1.954337060e-001
-1.705669761e-001
-1.453139931e-001
-1.270148009e-001
-1.204895973e-001
-1.250650138e-001
-1.336492002e-001
-1.390029490e-001
-1.378550828e-001
-1.326693445e-001
-1.286103427e-001
-1.259168833e-001
-1.226418912e-001
-1.164442748e-001
-1.020201370e-001
-7.990153879e-002
-5.757348984e-002
-3.911298886e-002
-2.543369681e-002
-1.682927087e-002
-1.017090585e-002
-2.084572800e-003
6.439343095e-003
1.486419514e-002
2.336672321e-002
2.833486721e-002
2.974987403e-002
3.483971953e-002
4.699728638e-002
6.351733953e-002
8.244345337e-002
1.009818092e-001
1.153227240e-001
1.255730838e-001
1.318838149e-001
1.313925982e-001
1.264785081e-001
1.285188496e-001
1.454098225e-001
1.777395755e-001
2.266608179e-001
2.845280468e-001
3.368901312e-001
3.759278655e-001
4.000152349e-001
4.127842486e-001
4.199662805e-001
4.362345338e-001
4.697872698e-001
5.180253983e-001
5.745130181e-001
6.289182901e-001
6.721755862e-001
7.051543593e-001
7.356960773e-001
7.654662132e-001
7.920305133e-001
8.187882900e-001
8.418252468e-001
8.556998372e-001
8.556531668e-001
8.316421509e-001
7.741525769e-001
6.893089414e-001
5.768021941e-001
4.861403704e-001
4.220696688e-001
3.834360540e-001
3.575848043e-001
3.110889792e-001
2.477416843e-001
1.784780622e-001
1.191039234e-001
8.724778891e-002
9.097622335e-002
7.740832120e-002
3.545421734e-002
-4.556879029e-002
-1.866297424e-001
-4.103178382e-001
-5.626049638e-001
-6.560209990e-001
-6.955207586e-001
-6.833882928e-001
-6.389507055e-001
-6.074818373e-001
-6.059845686e-001
-6.249886751e-001
-6.553613544e-001
-6.712507010e-001
-6.475411654e-001
-5.880941153e-001
-4.870996773e-001
-3.602901101e-001
-2.685441077e-001
-2.212598622e-001
-2.069768757e-001
-2.188440561e-001
-2.594869733e-001
-2.929212153e-001
-2.862901092e-001
-2.386464775e-001
-1.582636833e-001
-7.141941041e-002
-1.485400740e-002
2.862498164e-003
-2.817009576e-002
-9.075988084e-002
-1.446935534e-001
-1.657340527e-001
-1.416981965e-001
-7.513554394e-002
3.250556067e-003
5.134309456e-002
6.040931866e-002
2.834170684e-002
-4.302195832e-002
-1.427714229e-001
-2.255756557e-001
-2.706835568e-001
-2.595295608e-001
-2.090221345e-001
-1.632389575e-001
-1.542619318e-001
-1.786521375e-001
-2.458472550e-001
-3.518479764e-001
-4.530846477e-001
-5.118070841e-001
-5.355015397e-001
-5.252454877e-001
-4.945514798e-001
-4.562483132e-001
-4.241407514e-001
-4.158833027e-001
-4.279453456e-001
-4.382743239e-001
-4.295985997e-001
-3.998871744e-001
-3.453787863e-001
-2.746900916e-001
-2.100304216e-001
-1.769789904e-001
-1.680646986e-001
-1.838842928e-001
-2.156447768e-001
-2.408929914e-001
-2.452201843e-001
-2.329411209e-001
-2.102471292e-001
-1.822670102e-001
-1.612197757e-001
-1.439696699e-001
-1.262181848e-001
-1.131126359e-001
-1.014711037e-001
-9.127902985e-002
-8.470461518e-002
-7.865283638e-002
-6.963847578e-002
-5.170317739e-002
-2.451977506e-002
3.098381683e-003
1.591107622e-002
2.237061039e-003
-2.866465226e-002
-6.510824710e-002
-9.762087464e-002
-1.097125933e-001
-1.067429259e-001
-1.031962186e-001
-1.024485976e-001
-1.150211543e-001
-1.413412392e-001
-1.655699760e-001
-1.774278283e-001
-1.696049273e-001
-1.440763175e-001
-1.158403084e-001
-1.008792222e-001
-1.039872169e-001
-1.150694117e-001
-1.280236840e-001
-1.364487559e-001
-1.301452667e-001
-1.179292426e-001
-1.099270582e-001
-1.073700190e-001
-1.162577868e-001
-1.295232177e-001
-1.363487095e-001
-1.359051168e-001
-1.255734563e-001
-1.083002314e-001
-9.128754586e-002
-7.887514681e-002
-7.239787281e-002
-6.636727601e-002
-5.958729610e-002
-5.063609034e-002
-3.566802293e-002
-2.163252980e-002
-1.128232200e-002
-3.643373959e-003
-8.221715689e-004
4.870580509e-003
1.396647282e-002
2.169295400e-002
3.287419677e-002
4.649706185e-002
6.012196094e-002
7.598444819e-002
9.356369823e-002
1.129610613e-001
1.349322200e-001
1.642675996e-001
1.987266243e-001
2.332639396e-001
2.713501453e-001
3.092164099e-001
3.412437737e-001
3.694774508e-001
3.948045969e-001
4.177797139e-001
4.478094578e-001
4.873903394e-001
5.355358124e-001
5.892284513e-001
6.414137483e-001
6.858984232e-001
7.186697721e-001
7.476300597e-001
7.757225633e-001
7.993214130e-001
8.224702477e-001
8.443572521e-001
8.573599458e-001
8.546851277e-001
8.271290064e-001
7.709715366e-001
6.947647333e-001
6.096880436e-001
5.444379449e-001
4.940679073e-001
4.552858472e-001
4.111232162e-001
3.428183198e-001
2.701791823e-001
2.201023698e-001
1.815506518e-001
1.782040596e-001
1.848140955e-001
1.621454954e-001
9.819711000e-002
-1.265136432e-002
-1.877821386e-001
-3.820885420e-001
-5.036346912e-001
-5.672577620e-001
-5.845525265e-001
-5.682518482e-001
-5.478706360e-001
-5.512136817e-001
-5.700684786e-001
-5.902489424e-001
-6.038941741e-001
-5.938330889e-001
-5.524495244e-001
-4.803371131e-001
-3.814839423e-001
-2.886151075e-001
-2.320739776e-001
-2.040737569e-001
-1.964321733e-001
-2.097948045e-001
-2.315737903e-001
-2.340811491e-001
-2.040488869e-001
-1.420763284e-001
-6.263943017e-002
9.159988724e-003
4.358440638e-002
3.380021453e-002
-1.695381664e-002
-6.856938452e-002
-9.752043337e-002
-8.845752478e-002
-3.326905146e-002
4.485142976e-002
1.127617955e-001
1.402830333e-001
1.349301189e-001
9.276623279e-002
1.801700145e-002
-5.782711133e-002
-1.138273329e-001
-1.323490888e-001
-1.104811355e-001
-7.807406783e-002
-6.109264120e-002
-7.285811752e-002
-1.120512411e-001
-1.962913126e-001
-2.971144319e-001
-3.842914701e-001
-4.290261567e-001
-4.454288483e-001
-4.395772219e-001
-4.251679778e-001
-4.072012603e-001
-3.970905840e-001
-4.022443593e-001
-4.142305851e-001
-4.137112498e-001
-3.924858868e-001
-3.528148532e-001
-2.975026369e-001
-2.378971875e-001
-1.969818175e-001
-1.840845495e-001
-1.872681081e-001
-2.094513923e-001
-2.399335951e-001
-2.603522241e-001
-2.659176886e-001
-2.613017559e-001
-2.431037426e-001
-2.145233005e-001
-1.829901040e-001
-1.495268792e-001
-1.199530810e-001
-1.041767895e-001
-1.023534462e-001
-1.054416522e-001
-1.068938151e-001
-9.965239465e-002
-7.377384603e-002
-3.478561342e-002
3.454564139e-004
2.048032358e-002
1.730333641e-002
-1.016370486e-002
-5.023469403e-002
-8.537213504e-002
-1.021054164e-001
-1.029157564e-001
-9.641522169e-002
-8.904729038e-002
-9.045101702e-002
-1.026822254e-001
-1.203814074e-001
-1.399226338e-001
-1.526646465e-001
-1.522714943e-001
-1.420941800e-001
-1.266707480e-001
-1.102954671e-001
-9.775072336e-002
-9.223656356e-002
-9.137163311e-002
-9.079176188e-002
-9.134061635e-002
-9.052257240e-002
-8.534909040e-002
-7.885982841e-002
-6.934478879e-002
-5.822381005e-002
-5.269350484e-002
-5.030170828e-002
-4.650451243e-002
-4.210900515e-002
-3.794221207e-002
-3.355866671e-002
-2.721220627e-002
-2.057329565e-002
-1.450925879e-002
-5.713097751e-003
5.618597381e-003
1.806726679e-002
2.973383665e-002
3.819315881e-002
4.714458063e-002
5.757752061e-002
6.965413690e-002
8.796295524e-002
1.100119650e-001
1.297938973e-001
1.454969198e-001
1.563856900e-001
1.611489356e-001
1.624285281e-001
1.704171449e-001
1.854729056e-001
2.121465057e-001
2.534734309e-001
3.003485203e-001
3.374704719e-001
3.652035296e-001
3.853601813e-001
4.027723372e-001
4.223398864e-001
4.506860673e-001
4.924336374e-001
5.426976085e-001
5.971032381e-001
6.541311145e-001
7.022599578e-001
7.375330329e-001
7.660164237e-001
7.898467779e-001
8.123742342e-001
8.365679979e-001
8.630465865e-001
8.808086514e-001
8.730250001e-001
8.306584954e-001
7.498571277e-001
6.297840476e-001
5.250320435e-001
4.544195831e-001
4.112036228e-001
3.975592852e-001
3.810977936e-001
3.379980028e-001
2.899781764e-001
2.407287061e-001
1.994794607e-001
1.869867593e-001
1.724983156e-001
1.326754540e-001
4.044622928e-002
-9.570393711e-002
-3.111940324e-001
-4.966398478e-001
-6.057331562e-001
-6.622909307e-001
-6.764426827e-001
-6.573695540e-001
-6.421620846e-001
-6.476965547e-001
-6.613504291e-001
-6.781759262e-001
-6.835263968e-001
-6.648600101e-001
-6.235988140e-001
-5.562340021e-001
-4.874200225e-001
-4.283294380e-001
-3.988397717e-001
-3.936358690e-001
-3.937911093e-001
-4.031053185e-001
-4.032641649e-001
-3.777743876e-001
-3.322740495e-001
-2.603546679e-001
-1.864866316e-001
-1.426261067e-001
-1.260748506e-001
-1.450017542e-001
-1.838133186e-001
-2.040625066e-001
-1.916314065e-001
-1.401383579e-001
-6.162063777e-002
1.731958054e-002
7.448702306e-002
9.570382535e-002
9.157791734e-002
5.946346000e-002
-7.652146742e-004
-4.065003246e-002
-5.696360394e-002
-4.869314283e-002
-7.665847428e-003
1.836490072e-002
1.071701758e-002
-1.658929698e-002
-7.781586051e-002
-1.710738093e-001
-2.650430202e-001
-3.281013370e-001
-3.570680618e-001
-3.625032902e-001
-3.529286087e-001
-3.435403407e-001
-3.541962504e-001
-3.663225472e-001
-3.793591857e-001
-3.835738301e-001
-3.560240269e-001
-3.132804930e-001
-2.680892646e-001
-2.237638533e-001
-2.017994076e-001
-2.088998407e-001
-2.378319055e-001
-2.736022472e-001
-2.964488566e-001
-3.004555106e-001
-2.870284319e-001
-2.701643109e-001
-2.607322335e-001
-2.500575483e-001
-2.385806441e-001
-2.247660309e-001
-2.013418525e-001
-1.724610627e-001
-1.377247274e-001
-1.038417965e-001
-8.311562240e-002
-6.992310286e-002
-5.747440457e-002
-3.810838982e-002
-5.176707171e-003
3.068554029e-002
5.726188421e-002
6.966897845e-002
6.676616520e-002
5.363065377e-002
3.569789976e-002
1.814668253e-002
6.143205799e-003
3.800329752e-003
7.846846245e-003
8.751124144e-003
7.343912497e-003
9.132158011e-003
1.329129376e-002
2.156108990e-002
3.150130063e-002
3.403118998e-002
2.827458084e-002
2.108289301e-002
1.875704341e-002
2.627581730e-002
4.633017257e-002
7.249871641e-002
9.445825219e-002
1.069905609e-001
1.031189859e-001
8.431072533e-002
6.505264342e-002
5.227952078e-002
5.223239958e-002
6.997310370e-002
9.493859857e-002
1.169382781e-001
1.317898184e-001
1.368723065e-001
1.363003552e-001
1.366595775e-001
1.442915052e-001
1.592321545e-001
1.785950810e-001
2.027114034e-001
2.229821086e-001
2.361681312e-001
2.467396408e-001
2.449748665e-001
2.324811965e-001
2.258561999e-001
2.267608345e-001
2.344718277e-001
2.481043637e-001
2.607754767e-001
2.662287056e-001
2.641017735e-001
2.586807907e-001
2.546895146e-001
2.605012655e-001
2.867299318e-001
3.221711516e-001
3.540061712e-001
3.848554790e-001
4.040971100e-001
4.164354503e-001
4.349890351e-001
4.599761963e-001
4.969280064e-001
5.474981070e-001
5.983883142e-001
6.474756598e-001
6.932576895e-001
7.304149866e-001
7.638157606e-001
7.988258600e-001
8.305463195e-001
8.615579605e-001
8.874415159e-001
9.078403711e-001
9.149699211e-001
8.978927135e-001
8.494719267e-001
7.726684809e-001
6.810236573e-001
6.113996506e-001
5.533760190e-001
5.177868605e-001
4.941914380e-001
4.562087953e-001
4.161888957e-001
3.919891119e-001
3.871621490e-001
4.033411741e-001
3.995451331e-001
3.756680191e-001
3.113520741e-001
1.983872354e-001
3.967477009e-002
-1.628701836e-001
-3.016954362e-001
-3.810005784e-001
-4.272572100e-001
-4.497195184e-001
-4.636330307e-001
-4.877544343e-001
-5.188146830e-001
-5.433993340e-001
-5.502903461e-001
-5.359331369e-001
-5.031169653e-001
-4.512758553e-001
-4.048611224e-001
-3.705900609e-001
-3.493486941e-001
-3.473666012e-001
-3.512501419e-001
-3.553688824e-001
-3.670503795e-001
-3.686155677e-001
-3.523981571e-001
-3.213116825e-001
-2.720329762e-001
-2.203759253e-001
-1.811407954e-001
-1.691373885e-001
-1.850304306e-001
-2.039085627e-001
-2.096665055e-001
-1.938367635e-001
-1.483635902e-001
