-1.974403858e-005
-5.625188351e-005
-1.283288002e-004
-2.413392067e-004
-3.949254751e-004
-5.753040314e-004
-7.666647434e-004
-9.527951479e-004
-1.138269901e-003
-1.310810447e-003
-1.463696361e-003
-1.572504640e-003
-1.598194242e-003
-1.497298479e-003
-1.260668039e-003
-8.977949619e-004
-4.198998213e-004
1.828819513e-004
9.395331144e-004
1.910939813e-003
3.152400255e-003
4.708811641e-003
6.578445435e-003
8.737802505e-003
1.114587486e-002
1.377908885e-002
1.661965251e-002
1.969294250e-002
2.303361893e-002
2.666431665e-002
3.058360517e-002
3.478914499e-002
4.735469818e-002
5.739046633e-002
7.442839444e-002
9.498707950e-002
1.135445386e-001
1.286000609e-001
1.403224915e-001
1.495358497e-001
1.605238169e-001
1.727230549e-001
1.840840131e-001
1.943169236e-001
1.957537085e-001
1.932900548e-001
2.017474473e-001
2.266252786e-001
2.652569115e-001
3.111239672e-001
3.575921953e-001
3.923409283e-001
4.177225232e-001
4.418488145e-001
4.663541913e-001
4.953222871e-001
5.373556018e-001
5.862003565e-001
6.374482512e-001
6.884298325e-001
7.288290858e-001
7.607977986e-001
7.872967124e-001
8.127169609e-001
8.403416872e-001
8.691900969e-001
8.938908577e-001
9.011486173e-001
8.753492832e-001
8.077949882e-001
7.046009898e-001
5.670343041e-001
4.564897120e-001
3.848609030e-001
3.515207767e-001
3.322454989e-001
2.942169905e-001
2.391361296e-001
1.620636433e-001
9.467269480e-002
7.102778554e-002
8.773930371e-002
8.159308136e-002
4.812807590e-002
-3.296058252e-002
-1.746769696e-001
-3.958891034e-001
-5.448780656e-001
-6.374893188e-001
-6.735908389e-001
-6.575853825e-001
-6.220209002e-001
-5.999249220e-001
-5.999867916e-001
-6.201621294e-001
-6.420677304e-001
-6.418473125e-001
-6.083956361e-001
-5.445011854e-001
-4.422903061e-001
-3.211402297e-001
-2.287207097e-001
-1.752150059e-001
-1.453337371e-001
-1.375979185e-001
-1.518135220e-001
-1.706507206e-001
-1.692667753e-001
-1.381745338e-001
-8.093015850e-002
-1.611581445e-002
3.494754806e-002
5.063801259e-002
2.556489408e-002
-2.875560522e-002
-8.633811772e-002
-1.194027662e-001
-1.126730591e-001
-7.260881364e-002
-1.821985841e-002
1.699772477e-002
1.482062973e-002
-2.271500975e-002
-1.054143161e-001
-2.106295228e-001
-3.011554480e-001
-3.493164480e-001
-3.397429883e-001
-2.904404700e-001
-2.340798378e-001
-2.126216590e-001
-2.311488092e-001
-2.964638174e-001
-4.015847147e-001
-4.966146648e-001
-5.489119887e-001
-5.716232657e-001
-5.614155531e-001
-5.316316485e-001
-5.011307597e-001
-4.747515917e-001
-4.520765841e-001
-4.326832294e-001
-4.056606889e-001
-3.633123040e-001
-3.065395951e-001
-2.396442890e-001
-1.667212844e-001
-1.061715558e-001
-6.891401112e-002
-4.350854829e-002
-2.715765499e-002
-2.902352810e-002
-4.131226242e-002
-5.172015727e-002
-5.907300115e-002
-5.718870461e-002
-4.132694006e-002
-1.631128788e-002
1.030707359e-002
3.619042039e-002
5.358527601e-002
5.222447217e-002
3.596395254e-002
1.134149730e-002
-1.185648143e-002
-1.757590473e-002
-4.808887839e-003
1.667511463e-002
3.665854037e-002
4.178430140e-002
2.540992200e-002
-8.606702089e-003
-5.053076148e-002
-8.727148175e-002
-1.093202382e-001
-1.172649413e-001
-1.195535958e-001
-1.227648556e-001
-1.332207918e-001
-1.515065730e-001
-1.649380326e-001
-1.676279753e-001
-1.619738489e-001
-1.469072849e-001
-1.305289268e-001
-1.221672595e-001
-1.182834208e-001
-1.145251095e-001
-1.111697555e-001
-1.065974832e-001
-9.817671776e-002
-9.055875242e-002
-8.802343905e-002
-8.638724685e-002
-8.327609301e-002
-7.595388591e-002
-6.075623631e-002
-4.176704586e-002
-2.191796899e-002
-6.668895483e-003
-2.911880612e-003
-7.539913058e-003
-1.624976099e-002
-2.398265898e-002
-2.568423748e-002
-2.164988220e-002
-8.540511131e-003
1.260751486e-002
3.210437298e-002
4.387143254e-002
4.835329950e-002
5.118666589e-002
5.498625338e-002
6.394885480e-002
8.425229788e-002
1.084312201e-001
1.278975457e-001
1.413684934e-001
1.495490819e-001
1.622083485e-001
1.818275005e-001
2.147914320e-001
2.605062425e-001
3.074323535e-001
3.504221737e-001
3.862737119e-001
4.137413204e-001
4.363054335e-001
4.604510069e-001
4.902405441e-001
5.317352414e-001
5.838558674e-001
6.358680129e-001
6.764582992e-001
7.107358575e-001
7.483553886e-001
7.791523337e-001
8.055464029e-001
8.344532251e-001
8.599109054e-001
8.814074993e-001
8.903071880e-001
8.634825945e-001
7.937514782e-001
6.956818104e-001
5.695677400e-001
4.609347284e-001
3.878399134e-001
3.412680030e-001
2.935682833e-001
2.344812155e-001
1.733034849e-001
1.051691324e-001
6.346493959e-002
6.520892680e-002
7.832323760e-002
6.461914629e-002
1.627225056e-002
-9.062807262e-002
-2.668927014e-001
-4.722433388e-001
-6.014439464e-001
-6.742806435e-001
-6.923522353e-001
-6.693593860e-001
-6.389949322e-001
-6.275550723e-001
-6.349513531e-001
-6.535972357e-001
-6.666908860e-001
-6.545137763e-001
-6.098950505e-001
-5.404325128e-001
-4.345335066e-001
-3.211653233e-001
-2.358963788e-001
-1.851486564e-001
-1.531994790e-001
-1.380078197e-001
-1.392586976e-001
-1.377231032e-001
-1.138283759e-001
-6.443569064e-002
-6.553828716e-004
5.537566170e-002
8.458261937e-002
7.847903669e-002
3.042118251e-002
-2.905175090e-002
-7.485620677e-002
-8.193188906e-002
-4.249836504e-002
2.432256937e-002
9.078554809e-002
1.153838336e-001
1.059369221e-001
5.549734831e-002
-3.228791058e-002
-1.354486495e-001
-2.196938246e-001
-2.565598488e-001
-2.404661924e-001
-2.042800039e-001
-1.754400432e-001
-1.737906784e-001
-2.073482573e-001
-2.866508961e-001
-3.844136000e-001
-4.667761922e-001
-5.153850317e-001
-5.304967165e-001
-5.188388228e-001
-4.964988828e-001
-4.701862931e-001
-4.440163374e-001
-4.305429757e-001
-4.199178815e-001
-3.994155526e-001
-3.667074144e-001
-3.132120669e-001
-2.423081100e-001
-1.721983552e-001
-1.293628216e-001
-1.021098346e-001
-9.549818188e-002
-1.109010428e-001
-1.390036792e-001
-1.616517305e-001
-1.739102155e-001
-1.692977697e-001
-1.520226598e-001
-1.300615817e-001
-1.038226485e-001
-7.843370736e-002
-6.011927128e-002
-4.831357300e-002
-4.335397482e-002
-4.630696774e-002
-5.286966264e-002
-5.600681901e-002
-5.186732113e-002
-3.934016824e-002
-2.133338153e-002
-9.043291211e-003
-1.299664378e-002
-3.522208333e-002
-7.275944948e-002
-1.146123707e-001
-1.477724761e-001
-1.674415469e-001
-1.739785820e-001
-1.725631058e-001
-1.720865667e-001
-1.797383577e-001
-1.956970692e-001
-2.098793685e-001
-2.106139958e-001
-1.953518987e-001
-1.704346240e-001
-1.451455504e-001
-1.268304288e-001
-1.203020066e-001
-1.248829067e-001
-1.334842443e-001
-1.388742328e-001
-1.377883554e-001
-1.326849312e-001
-1.287110448e-001
-1.260834783e-001
-1.228340119e-001
-1.166149974e-001
-1.021421403e-001
-7.997813821e-002
-5.762763321e-002
-3.917445242e-002
-2.552139759e-002
-1.694115996e-002
-1.029622555e-002
-2.217993140e-003
6.288811564e-003
1.466830075e-002
2.309915423e-002
2.800047398e-002
2.938830853e-002
3.450588882e-002
4.673197865e-002
6.332232058e-002
8.229061961e-002
1.008455306e-001
1.151978076e-001
1.254703850e-001
1.318125725e-001
1.313420236e-001
1.264207065e-001
1.284269243e-001
1.453076601e-001
1.776629090e-001
2.266574502e-001
2.846153080e-001
3.370438814e-001
3.760804832e-001
4.000830650e-001
4.127497077e-001
4.198752940e-001
4.361611903e-001
4.697980881e-001
5.181365609e-001
5.746588111e-001
6.290037036e-001
6.721473336e-001
7.050126791e-001
7.355038524e-001
7.653029561e-001
7.919951081e-001
8.188766241e-001
8.419994116e-001
8.558931351e-001
8.558033705e-001
8.317263126e-001
7.741560936e-001
6.892026663e-001
5.765280128e-001
4.857109189e-001
4.215053320e-001
3.828120828e-001
3.570037484e-001
3.105926514e-001
2.474214137e-001
1.783435494e-001
1.191869527e-001
8.751560748e-002
9.142106771e-002
7.796449214e-002
3.602849692e-002
-4.503946006e-002
-1.862074733e-001
-4.101213813e-001
-5.626271367e-001
-6.562032700e-001
-6.958051920e-001
-6.837055087e-001
-6.392388344e-001
-6.077057123e-001
-6.060959101e-001
-6.249639988e-001
-6.552316546e-001
-6.710892916e-001
-6.474326849e-001
-5.880877972e-001
-4.872400761e-001
-3.604958951e-001
-2.685813308e-001
-2.211793363e-001
-2.067888826e-001
-2.186075002e-001
-2.592839301e-001
-2.927804291e-001
-2.862887383e-001
-2.386422008e-001
-1.582667530e-001
-7.141187787e-002
-1.480355486e-002
2.817872679e-003
-2.840070426e-002
-9.102021158e-002
-1.448799074e-001
-1.658266187e-001
-1.414985359e-001
-7.479190826e-002
3.649592400e-003
5.168270320e-002
6.068531424e-002
2.854391560e-002
-4.283337295e-002
-1.425878555e-001
-2.253571153e-001
-2.704099417e-001
-2.592152655e-001
-2.086725384e-001
-1.629111171e-001
-1.539380997e-001
-1.783791035e-001
-2.456166297e-001
-3.516409099e-001
-4.529580176e-001
-5.116977692e-001
-5.353870988e-001
-5.251716375e-001
-4.945384860e-001
-4.562879205e-001
-4.242387712e-001
-4.159545898e-001
-4.279213548e-001
-4.381166697e-001
-4.293216467e-001
-3.995590508e-001
-3.450719416e-001
-2.744240761e-001
-2.098148465e-001
-1.767735779e-001
-1.678973138e-001
-1.838444173e-001
-2.156347036e-001
-2.409438193e-001
-2.452970445e-001
-2.330022454e-001
-2.102545351e-001
-1.822240055e-001
-1.611671597e-001
-1.439429820e-001
-1.262431443e-001
-1.131811887e-001
-1.015214026e-001
-9.125083685e-002
-8.456730843e-002
-7.840290666e-002
-6.931807101e-002
-5.137735605e-002
-2.423819900e-002
3.316551447e-003
1.608073711e-002
2.394288778e-003
-2.848152816e-002
-6.488719583e-002
-9.738720953e-002
-1.095070094e-001
-1.066156179e-001
-1.031841785e-001
-1.025398374e-001
-1.151634604e-001
-1.414650381e-001
-1.656167209e-001
-1.773794442e-001
-1.694840193e-001
-1.439288110e-001
-1.157009602e-001
-1.007559001e-001
-1.038711667e-001
-1.149402261e-001
-1.278736293e-001
-1.362959445e-001
-1.300173104e-001
-1.178606153e-001
-1.099306941e-001
-1.074200124e-001
-1.163238138e-001
-1.295841336e-001
-1.363992691e-001
-1.359689385e-001
-1.256788671e-001
-1.084541827e-001
-9.147106111e-002
-7.905831933e-002
-7.255570590e-002
-6.649182737e-002
-5.970138311e-002
-5.077080429e-002
-3.583987057e-002
-2.185237408e-002
-1.153425872e-002
-3.891095519e-003
-1.051574945e-003
4.653140903e-003
1.374499500e-002
2.144971490e-002
3.261828423e-002
4.626478255e-002
5.994781852e-002
7.587423921e-002
9.350228310e-002
1.129234582e-001
1.348894089e-001
1.642289013e-001
1.987309456e-001
2.333210111e-001
2.714413404e-001
3.093040586e-001
3.412640095e-001
3.694088161e-001
3.946728408e-001
4.176533818e-001
4.477594793e-001
4.874619246e-001
5.357044339e-001
5.894014239e-001
6.415061355e-001
6.858761311e-001
7.185478210e-001
7.474808097e-001
7.756084204e-001
7.992961407e-001
8.225183487e-001
8.444418311e-001
8.574336171e-001
8.547331691e-001
8.271585703e-001
7.709672451e-001
6.946725249e-001
6.094659567e-001
5.440580845e-001
4.935449958e-001
4.546957612e-001
4.105631113e-001
3.423694670e-001
2.698521912e-001
2.199317366e-001
1.815819740e-001
1.784094423e-001
1.851999313e-001
1.626449376e-001
9.874428809e-002
-1.215212233e-002
-1.873714328e-001
-3.818843663e-001
-5.036427975e-001
-5.674959421e-001
-5.848894119e-001
-5.686136484e-001
-5.481832623e-001
-5.514149070e-001
-5.701274872e-001
-5.901808143e-001
-6.037542820e-001
-5.936983228e-001
-5.523864627e-001
-4.804040194e-001
-3.816457093e-001
-2.887944579e-001
-2.320589274e-001
-2.039797604e-001
-1.962986588e-001
-2.097320110e-001
-2.314554304e-001
-2.340178490e-001
-2.039996833e-001
-1.420087516e-001
-6.254833937e-002
9.224668145e-003
4.361020401e-002
3.359948099e-002
-1.726339757e-002
-6.888726354e-002
-9.772402048e-002
-8.846312761e-002
-3.308999538e-002
4.513610899e-002
1.130301505e-001
1.405365765e-001
1.351448894e-001
9.295681119e-002
1.824815571e-002
-5.758444965e-002
-1.135735363e-001
-1.321071982e-001
-1.102622896e-001
-7.786242664e-002
-6.087657437e-002
-7.261833549e-002
-1.118114740e-001
-1.960435063e-001
-2.968663573e-001
-3.841371238e-001
-4.288966060e-001
-4.453461468e-001
-4.395538867e-001
-4.252093136e-001
-4.072942436e-001
-3.972058296e-001
-4.023133516e-001
-4.141971767e-001
-4.135539830e-001
-3.922341168e-001
-3.525126874e-001
-2.971885204e-001
-2.376155108e-001
-1.967380345e-001
-1.838736385e-001
-1.871977299e-001
-2.094723135e-001
-2.399840355e-001
-2.604365647e-001
-2.659989595e-001
-2.613522410e-001
-2.431193739e-001
-2.145277560e-001
-1.830072254e-001
-1.495659947e-001
-1.200058311e-001
-1.042129993e-001
-1.023416221e-001
-1.053615361e-001
-1.067416668e-001
-9.945170581e-002
-7.355602086e-002
-3.457291424e-002
5.352348089e-004
2.064235508e-002
1.744769514e-002
-1.001785696e-002
-5.006706715e-002
-8.518233895e-002
-1.019194573e-001
-1.027707160e-001
-9.634348750e-002
-8.906137943e-002
-9.052836895e-002
-1.027690470e-001
-1.204266101e-001
-1.399009377e-001
-1.525797844e-001
-1.521592140e-001
-1.419912577e-001
-1.265838444e-001
-1.102173328e-001
-9.767018259e-002
-9.213966131e-002
-9.126105905e-002
-9.069180489e-002
-9.127621353e-002
-9.049651027e-002
-8.535031974e-002
-7.888282835e-002
-6.938131154e-002
-5.826783180e-002
-5.275748670e-002
-5.039840937e-002
-4.663038254e-002
-4.224994779e-002
-3.808292747e-002
-3.368847072e-002
-2.733434737e-002
-2.071304619e-002
-1.469199359e-002
-5.943328142e-003
5.344197154e-003
1.776055992e-002
2.941919863e-002
3.789183497e-002
4.686218500e-002
5.730283260e-002
6.938348711e-002
8.771613240e-002
1.098165512e-001
1.296795756e-001
1.454689950e-001
1.564005464e-001
1.611488760e-001
1.623724103e-001
1.702671796e-001
1.853631437e-001
2.120879441e-001
2.534790635e-001
3.003965020e-001
3.375046253e-001
3.651612699e-001
3.852359056e-001
4.026277661e-001
4.222533107e-001
4.507150650e-001
4.925913215e-001
5.429073572e-001
5.972469449e-001
6.541498899e-001
7.021557093e-001
7.373654246e-001
7.658582926e-001
7.898120880e-001
8.124539852e-001
8.367244601e-001
8.632249832e-001
8.809587955e-001
8.731310964e-001
8.307183981e-001
7.498427629e-001
6.296400428e-001
5.247228146e-001
4.539341331e-001
4.105923474e-001
3.969306648e-001
3.805481791e-001
3.375643492e-001
2.897665501e-001
2.407615930e-001
1.997610927e-001
1.874963194e-001
1.731477976e-001
1.333645582e-001
4.106736556e-002
-9.525707364e-002
-3.109338284e-001
-4.967058003e-001
-6.059826016e-001
-6.626631021e-001
-6.768635511e-001
-6.577374935e-001
-6.424564123e-001
-6.478497386e-001
-6.613199115e-001
-6.779908538e-001
-6.832735538e-001
-6.646502614e-001
-6.235586405e-001
-5.563719869e-001
-4.876736701e-001
-4.285796583e-001
-3.989871442e-001
-3.936451077e-001
-3.936908841e-001
-4.029785693e-001
-4.031660259e-001
-3.776968122e-001
-3.322209716e-001
-2.602509856e-001
-1.863309443e-001
-1.424597353e-001
-1.260742247e-001
-1.452119350e-001
-1.841728091e-001
-2.044251114e-001
-1.918375492e-001
-1.401039660e-001
-6.137491763e-002
1.769152284e-002
7.483413815e-002
9.600666910e-002
9.181412309e-002
5.971565843e-002
-5.358606577e-004
-4.041579366e-002
-5.671191216e-002
-4.844062030e-002
-7.407858968e-003
1.861313358e-002
1.098582614e-002
-1.631981507e-002
-7.753376663e-002
-1.708131433e-001
-2.648091912e-001
-3.279889822e-001
-3.570042253e-001
-3.625139892e-001
-3.529759347e-001
-3.436722755e-001
-3.543186784e-001
-3.664164245e-001
-3.793586791e-001
-3.834439516e-001
-3.557670712e-001
-3.129539490e-001
-2.677556574e-001
-2.234643847e-001
-2.015656084e-001
-2.087451816e-001
-2.377565503e-001
-2.736032605e-001
-2.965427637e-001
-3.005755246e-001
-2.871697843e-001
-2.702755630e-001
-2.607778907e-001
-2.500309944e-001
-2.385299504e-001
-2.247450501e-001
-2.013788223e-001
-1.725623906e-001
-1.378518492e-001
-1.039301902e-001
-8.311189711e-002
-6.981244683e-002
-5.728887022e-002
-3.790003061e-002
-4.998907447e-003
3.081250191e-002
5.736328661e-002
6.976722181e-002
6.687940657e-002
5.376605690e-002
3.581863642e-002
1.820559800e-002
6.110638380e-003
3.670170903e-003
7.655709982e-003
8.562862873e-003
7.219120860e-003
9.092867374e-003
1.331625879e-002
2.161943913e-002
3.155763447e-002
3.405986726e-002
2.828094363e-002
2.108216286e-002
1.876583695e-002
2.630734444e-002
4.638503492e-002
7.256759703e-002
9.452162683e-002
1.070347577e-001
1.031378359e-001
8.429270983e-002
6.500016153e-002
5.219730735e-002
5.211167037e-002
6.981503963e-002
9.474678338e-002
1.167127490e-001
1.315452754e-001
1.366248429e-001
1.360612512e-001
1.364402622e-001
1.440856159e-001
1.590109617e-001
1.783362180e-001
2.024162710e-001
2.226581424e-001
2.358233482e-001
2.463873178e-001
2.446122766e-001
2.320982367e-001
2.254620343e-001
2.263791710e-001
2.341007441e-001
2.478239685e-001
2.605791688e-001
2.660753727e-001
2.639511526e-001
2.585073113e-001
2.545038760e-001
2.603475451e-001
2.866382003e-001
3.221311569e-001
3.539771438e-001
3.847897947e-001
4.039368629e-001
4.162109196e-001
4.347853065e-001
4.598592520e-001
4.969204068e-001
5.475712419e-001
5.984551907e-001
6.474505663e-001
6.931176186e-001
7.302024961e-001
7.636068463e-001
7.986815572e-001
8.304919600e-001
8.615626097e-001
8.874692917e-001
9.078688025e-001
9.149940610e-001
8.979181647e-001
8.494852185e-001
7.725977302e-001
6.808086038e-001
6.110054255e-001
5.528171659e-001
5.171483159e-001
4.935886562e-001
4.557243586e-001
4.158712327e-001
3.918528557e-001
3.871801198e-001
4.034901261e-001
3.999375403e-001
3.761842549e-001
3.119051456e-001
1.988806129e-001
4.003544152e-002
-1.627265811e-001
-3.017514050e-001
-3.812482655e-001
-4.276385307e-001
-4.501586258e-001
-4.640365243e-001
-4.880570173e-001
-5.189613700e-001
-5.433852077e-001
-5.501679182e-001
-5.357785821e-001
-5.030481219e-001
-4.513235390e-001
-4.050046802e-001
-3.707825243e-001
-3.494907618e-001
-3.474255204e-001
-3.512290716e-001
-3.553123772e-001
-3.670157790e-001
-3.686623573e-001
-3.524373174e-001
-3.213256598e-001
-2.719557583e-001
-2.202552110e-001
-1.811040491e-001
-1.692499667e-001
-1.852745414e-001
-2.041858137e-001
-2.098650485e-001
-1.938838065e-001
-1.482535601e-001
