-2.056360245e-005
-5.508586764e-005
-1.209266484e-004
-2.278238535e-004
-3.692694008e-004
-5.354955792e-004
-7.160231471e-004
-9.011998773e-004
-1.087486744e-003
-1.267444342e-003
-1.422952861e-003
-1.532904804e-003
-1.556113362e-003
-1.458708197e-003
-1.235626638e-003
-8.930265903e-004
-4.264116287e-004
1.803599298e-004
9.591206908e-004
1.954380423e-003
3.212895244e-003
4.753738642e-003
6.587535143e-003
8.713215590e-003
1.110165194e-002
1.373588666e-002
1.660920307e-002
1.971925795e-002
2.308742702e-002
2.673249692e-002
3.065724298e-002
3.486315906e-002
4.715948924e-002
5.731688440e-002
7.416514307e-002
9.488743544e-002
1.133227572e-001
1.282386482e-001
1.398614049e-001
1.493065655e-001
1.600523889e-001
1.721569747e-001
1.832409203e-001
1.939032674e-001
1.954759657e-001
1.929019094e-001
2.012213469e-001
2.262679487e-001
2.644653320e-001
3.107191622e-001
3.570162654e-001
3.919689059e-001
4.171574712e-001
4.412688613e-001
4.660741985e-001
4.946806133e-001
5.364696383e-001
5.856882334e-001
6.370867491e-001
6.879333258e-001
7.287463546e-001
7.608066201e-001
7.870461345e-001
8.122324347e-001
8.398032188e-001
8.685034513e-001
8.933566213e-001
9.005969763e-001
8.748223186e-001
8.072045445e-001
7.043740749e-001
5.668758154e-001
4.565134048e-001
3.849672079e-001
3.518039584e-001
3.325541914e-001
2.944175601e-001
2.389862984e-001
1.617692560e-001
9.392930567e-002
7.008357346e-002
8.672939241e-002
8.020316809e-002
4.683160782e-002
-3.394627571e-002
-1.757389456e-001
-3.964689672e-001
-5.454279184e-001
-6.379937530e-001
-6.738638878e-001
-6.579571962e-001
-6.222549081e-001
-6.002181172e-001
-6.004887819e-001
-6.207599044e-001
-6.425974965e-001
-6.423887014e-001
-6.087875962e-001
-5.447867513e-001
-4.423499703e-001
-3.212612271e-001
-2.291534394e-001
-1.760296822e-001
-1.461432129e-001
-1.383783519e-001
-1.526776403e-001
-1.715294123e-001
-1.697305292e-001
-1.386679262e-001
-8.164132386e-002
-1.702537388e-002
3.422800824e-002
5.009906366e-002
2.508803830e-002
-2.927265689e-002
-8.707065135e-002
-1.199809015e-001
-1.138351560e-001
-7.399246842e-002
-1.936345547e-002
1.578009501e-002
1.374488045e-002
-2.349806949e-002
-1.061915159e-001
-2.115333229e-001
-3.021976054e-001
-3.502482176e-001
-3.407959938e-001
-2.912847400e-001
-2.349724025e-001
-2.136446238e-001
-2.321686000e-001
-2.973626256e-001
-4.023571312e-001
-4.972870350e-001
-5.497078896e-001
-5.723951459e-001
-5.621343255e-001
-5.321105123e-001
-5.017610788e-001
-4.752583504e-001
-4.525038600e-001
-4.332581162e-001
-4.063709080e-001
-3.642347157e-001
-3.075740635e-001
-2.405786961e-001
-1.679405123e-001
-1.072230637e-001
-6.994180381e-002
-4.437126592e-002
-2.804680355e-002
-2.971859649e-002
-4.165925831e-002
-5.205582082e-002
-5.970161036e-002
-5.799377337e-002
-4.216279835e-002
-1.709182933e-002
9.509529918e-003
3.539579362e-002
5.295343697e-002
5.157357082e-002
3.523414209e-002
1.079176366e-002
-1.246756315e-002
-1.837708801e-002
-5.806330591e-003
1.571194828e-002
3.619147837e-002
4.125334695e-002
2.474714071e-002
-9.321063757e-003
-5.111829191e-002
-8.789864928e-002
-1.098454297e-001
-1.178460121e-001
-1.200667322e-001
-1.232005209e-001
-1.334751844e-001
-1.517835557e-001
-1.653951705e-001
-1.679821312e-001
-1.624959409e-001
-1.474832445e-001
-1.312565207e-001
-1.230946109e-001
-1.190998405e-001
-1.154144704e-001
-1.120994836e-001
-1.072627902e-001
-9.902960807e-002
-9.137468785e-002
-8.875545859e-002
-8.687052131e-002
-8.387017250e-002
-7.643234730e-002
-6.171529740e-002
-4.270742089e-002
-2.284719050e-002
-7.500980049e-003
-3.477681428e-003
-8.293837309e-003
-1.706162840e-002
-2.443065867e-002
-2.647801116e-002
-2.217733487e-002
-9.011913091e-003
1.217830926e-002
3.177627921e-002
4.360161349e-002
4.789483547e-002
5.076751485e-002
5.438061431e-002
6.329029799e-002
8.347041160e-002
1.076847836e-001
1.272546947e-001
1.408492327e-001
1.490522772e-001
1.617687643e-001
1.814134270e-001
2.143670022e-001
2.599481642e-001
3.067325950e-001
3.496804833e-001
3.856082559e-001
4.132930338e-001
4.359355271e-001
4.601379931e-001
4.894664586e-001
5.308554769e-001
5.829482675e-001
6.351490617e-001
6.759556532e-001
7.105270028e-001
7.479433417e-001
7.789511085e-001
8.051925898e-001
8.340247869e-001
8.590844870e-001
8.805648685e-001
8.894925117e-001
8.626087308e-001
7.931393385e-001
6.952331662e-001
5.693898201e-001
4.606717229e-001
3.877618611e-001
3.416250050e-001
2.937345803e-001
2.342848480e-001
1.731102914e-001
1.046598107e-001
6.247428432e-002
6.399144232e-002
7.691899687e-002
6.322062761e-002
1.493130904e-002
-9.198478609e-002
-2.680598795e-001
-4.731029868e-001
-6.019470096e-001
-6.748290062e-001
-6.924962997e-001
-6.697645783e-001
-6.393231750e-001
-6.281819940e-001
-6.353203058e-001
-6.541140676e-001
-6.675285101e-001
-6.553495526e-001
-6.103285551e-001
-5.409523845e-001
-4.349324703e-001
-3.214088082e-001
-2.364435941e-001
-1.859122813e-001
-1.542191058e-001
-1.389762163e-001
-1.402698010e-001
-1.386264563e-001
-1.147375628e-001
-6.511498988e-002
-1.339729875e-003
5.468337238e-002
8.390520513e-002
7.795806229e-002
3.013334423e-002
-2.916178480e-002
-7.502697408e-002
-8.259052783e-002
-4.357917607e-002
2.351860330e-002
8.980997652e-002
1.144679189e-001
1.049099267e-001
5.479418114e-002
-3.312623501e-002
-1.363984346e-001
-2.204263359e-001
-2.576272190e-001
-2.413595468e-001
-2.049218863e-001
-1.761843860e-001
-1.746536046e-001
-2.079566866e-001
-2.875470519e-001
-3.854307532e-001
-4.675156474e-001
-5.159761906e-001
-5.309287310e-001
-5.191710591e-001
-4.970761240e-001
-4.704370499e-001
-4.441774786e-001
-4.309016466e-001
-4.206587374e-001
-3.999281228e-001
-3.674260676e-001
-3.140936494e-001
-2.434514612e-001
-1.730391383e-001
-1.302884966e-001
-1.029614434e-001
-9.618321061e-002
-1.113890707e-001
-1.393396556e-001
-1.621793658e-001
-1.743026972e-001
-1.696022600e-001
-1.526325941e-001
-1.307860166e-001
-1.045523137e-001
-7.920876145e-002
-6.094951928e-002
-4.917619377e-002
-4.382247105e-002
-4.729489237e-002
-5.375048518e-002
-5.686187372e-002
-5.268308148e-002
-4.012843221e-002
-2.195182443e-002
-9.648710489e-003
-1.376590133e-002
-3.613697365e-002
-7.374490798e-002
-1.153080910e-001
-1.485915184e-001
-1.681576967e-001
-1.748649180e-001
-1.729840338e-001
-1.726319194e-001
-1.800355762e-001
-1.960976422e-001
-2.105348557e-001
-2.111302912e-001
-1.959316880e-001
-1.712828279e-001
-1.459438205e-001
-1.276811063e-001
-1.213443726e-001
-1.259555817e-001
-1.342414618e-001
-1.399391294e-001
-1.387401521e-001
-1.331680268e-001
-1.291482896e-001
-1.267362684e-001
-1.235560030e-001
-1.172399521e-001
-1.029705703e-001
-8.082470298e-002
-5.819501355e-002
-4.001173377e-002
-2.630289644e-002
-1.757576689e-002
-1.091363281e-002
-2.913020551e-003
5.922086537e-003
1.413920149e-002
2.276687324e-002
2.749262005e-002
2.890819311e-002
3.396878019e-002
4.621997848e-002
6.289646029e-002
8.176738024e-002
1.001316458e-001
1.147587076e-001
1.248073354e-001
1.313735396e-001
1.306486577e-001
1.256519556e-001
1.277309507e-001
1.447720528e-001
1.772595793e-001
2.263960838e-001
2.842628658e-001
3.365014791e-001
3.755963147e-001
3.995054960e-001
4.124857783e-001
4.194567800e-001
4.358844757e-001
4.692937434e-001
5.173570514e-001
5.738483667e-001
6.286480427e-001
6.716868281e-001
7.047203779e-001
7.354098558e-001
7.651669383e-001
7.917302847e-001
8.184436560e-001
8.412830234e-001
8.552544117e-001
8.551083207e-001
8.312326670e-001
7.737754583e-001
6.886906028e-001
5.760864019e-001
4.856739044e-001
4.213374853e-001
3.827750981e-001
3.569934368e-001
3.104677498e-001
2.472429574e-001
1.778128147e-001
1.186498404e-001
8.667109162e-002
9.029384702e-002
7.688385993e-002
3.486546502e-002
-4.625476524e-002
-1.871054471e-001
-4.108661115e-001
-5.631190538e-001
-6.565203071e-001
-6.961358190e-001
-6.837768555e-001
-6.394504905e-001
-6.078006029e-001
-6.065359116e-001
-6.253871322e-001
-6.557158828e-001
-6.718193293e-001
-6.479622722e-001
-5.884745121e-001
-4.874254465e-001
-3.605201542e-001
-2.690156400e-001
-2.216147035e-001
-2.073246986e-001
-2.194246352e-001
-2.600738108e-001
-2.933319807e-001
-2.870723605e-001
-2.391404212e-001
-1.588853151e-001
-7.183071971e-002
-1.564646326e-002
2.342219464e-003
-2.866030857e-002
-9.138026088e-002
-1.454700083e-001
-1.662760675e-001
-1.425884813e-001
-7.592542470e-002
2.681948245e-003
5.078170821e-002
5.982613936e-002
2.782015316e-002
-4.374294356e-002
-1.432483196e-001
-2.262334079e-001
-2.715524435e-001
-2.599720359e-001
-2.098044306e-001
-1.640147865e-001
-1.549459100e-001
-1.790529341e-001
-2.465932369e-001
-3.525361121e-001
-4.534749091e-001
-5.123645663e-001
-5.359817147e-001
-5.258287787e-001
-4.949192405e-001
-4.568788707e-001
-4.245002866e-001
-4.162452221e-001
-4.282166958e-001
-4.385441840e-001
-4.302925467e-001
-4.002107680e-001
-3.456765711e-001
-2.752303481e-001
-2.106750160e-001
-1.775096506e-001
-1.687301844e-001
-1.846235991e-001
-2.161053419e-001
-2.414514571e-001
-2.461480796e-001
-2.338382155e-001
-2.110819519e-001
-1.828868687e-001
-1.619938612e-001
-1.445047408e-001
-1.269101202e-001
-1.139903963e-001
-1.023163944e-001
-9.190140665e-002
-8.525063843e-002
-7.954938710e-002
-7.046037167e-002
-5.211893097e-002
-2.493373305e-002
2.467893064e-003
1.512397826e-002
1.447260380e-003
-2.924189717e-002
-6.571403891e-002
-9.822476655e-002
-1.101938039e-001
-1.074093580e-001
-1.038991213e-001
-1.029439270e-001
-1.156119183e-001
-1.417818367e-001
-1.662541330e-001
-1.782611161e-001
-1.704953015e-001
-1.449025869e-001
-1.165715009e-001
-1.015463471e-001
-1.046219841e-001
-1.154884920e-001
-1.287448406e-001
-1.370751262e-001
-1.307703555e-001
-1.186442524e-001
-1.104885861e-001
-1.078082472e-001
-1.169687361e-001
-1.302006245e-001
-1.368090957e-001
-1.363345832e-001
-1.263700426e-001
-1.088839322e-001
-9.168842435e-002
-7.967337966e-002
-7.285946608e-002
-6.688855588e-002
-6.029039621e-002
-5.109533668e-002
-3.634293377e-002
-2.228127792e-002
-1.175377145e-002
-4.211340100e-003
-1.515448093e-003
4.234325141e-003
1.317562908e-002
2.111367881e-002
3.214038163e-002
4.591520876e-002
5.963034183e-002
7.533873618e-002
9.309919924e-002
1.124943793e-001
1.341294646e-001
1.634015292e-001
1.982171983e-001
2.326280326e-001
2.707683742e-001
3.085345328e-001
3.409193754e-001
3.690495789e-001
3.940993845e-001
4.175038636e-001
4.473558664e-001
4.867594242e-001
5.348790884e-001
5.889387727e-001
6.408175826e-001
6.853925586e-001
7.181030512e-001
7.470666170e-001
7.751126289e-001
7.988667488e-001
8.220839500e-001
8.438441157e-001
8.568021059e-001
8.543583155e-001
8.265867829e-001
7.704728842e-001
6.943569779e-001
6.090130210e-001
5.442000031e-001
4.937503636e-001
4.549182951e-001
4.108252525e-001
3.421898484e-001
2.697958648e-001
2.198097408e-001
1.810027361e-001
1.776509732e-001
1.843883246e-001
1.616514325e-001
9.754974395e-002
-1.307552308e-002
-1.883423030e-001
-3.825762570e-001
-5.040760636e-001
-5.679159164e-001
-5.850809216e-001
-5.688825846e-001
-5.485792160e-001
-5.518253446e-001
-5.708373785e-001
-5.907264352e-001
-6.045082808e-001
-5.946260095e-001
-5.530991554e-001
-4.810428619e-001
-3.821862936e-001
-2.893683612e-001
-2.328231484e-001
-2.045103014e-001
-1.971572191e-001
-2.104574591e-001
-2.325299680e-001
-2.348516136e-001
-2.047532499e-001
-1.425905228e-001
-6.335811317e-002
8.268240839e-003
4.285297170e-002
3.322809562e-002
-1.761116087e-002
-6.927856058e-002
-9.797321260e-002
-8.916777372e-002
-3.368574753e-002
4.448154941e-002
1.123297587e-001
1.395829916e-001
1.343417913e-001
9.209735692e-002
1.746958122e-002
-5.815649778e-002
-1.142155230e-001
-1.329832077e-001
-1.108172163e-001
-7.866580784e-002
-6.151574478e-002
-7.347047329e-002
-1.126338467e-001
-1.967966855e-001
-2.975686193e-001
-3.849079609e-001
-4.296347201e-001
-4.461268485e-001
-4.402782023e-001
-4.256379008e-001
-4.079161882e-001
-3.975037038e-001
-4.029026628e-001
-4.148582518e-001
-4.143973887e-001
-3.928321600e-001
-3.532174230e-001
-2.981145978e-001
-2.383546233e-001
-1.976747066e-001
-1.847904176e-001
-1.877520829e-001
-2.101185173e-001
-2.404614687e-001
-2.607860863e-001
-2.665306628e-001
-2.618502378e-001
-2.439851314e-001
-2.149765939e-001
-1.836587936e-001
-1.500175893e-001
-1.208434030e-001
-1.049468964e-001
-1.028761268e-001
-1.059282944e-001
-1.073724627e-001
-1.004582569e-001
-7.448328286e-002
-3.528099880e-002
-3.357976675e-004
1.973246410e-002
1.673298329e-002
-1.073728502e-002
-5.093148723e-002
-8.625036478e-002
-1.025261730e-001
-1.036126614e-001
-9.720581025e-002
-8.950552344e-002
-9.109488875e-002
-1.032963544e-001
-1.211162060e-001
-1.405931413e-001
-1.534229517e-001
-1.527498662e-001
-1.429346353e-001
-1.273558587e-001
-1.108246222e-001
-9.815653414e-002
-9.273341298e-002
-9.211426973e-002
-9.144498408e-002
-9.175390005e-002
-9.115354717e-002
-8.580248058e-002
-7.965334505e-002
-6.983815134e-002
-5.884377286e-002
-5.353263393e-002
-5.099703372e-002
-4.733071476e-002
-4.303563386e-002
-3.863271326e-002
-3.416410461e-002
-2.773039415e-002
-2.130835131e-002
-1.536921784e-002
-6.455112249e-003
5.025103688e-003
1.719440520e-002
2.913108468e-002
3.746570274e-002
4.617025331e-002
5.684628710e-002
6.871066988e-002
8.735977113e-002
1.090815514e-001
1.290871799e-001
1.450119615e-001
1.554788947e-001
1.605506390e-001
1.618038118e-001
1.698833555e-001
1.849170774e-001
2.115940601e-001
2.528322339e-001
2.996758223e-001
3.368266225e-001
3.648804426e-001
3.847920895e-001
4.022393823e-001
4.219692647e-001
4.500848949e-001
4.920894504e-001
5.422719121e-001
5.968965888e-001
6.537138224e-001
7.017832994e-001
7.370277643e-001
7.656016350e-001
7.895438671e-001
8.121377826e-001
8.362014890e-001
8.625469804e-001
8.804286718e-001
8.726788163e-001
8.303915262e-001
7.495226860e-001
6.292818785e-001
5.244412422e-001
4.537420273e-001
4.109882712e-001
3.973154724e-001
3.807319701e-001
3.376920521e-001
2.892702818e-001
2.402330190e-001
1.986971051e-001
1.864603758e-001
1.718995869e-001
1.321565211e-001
3.981783986e-002
-9.638622403e-002
-3.118802309e-001
-4.972096682e-001
-6.063985825e-001
-6.629900932e-001
-6.769405603e-001
-6.579708457e-001
-6.425331831e-001
-6.482185721e-001
-6.617650986e-001
-6.788236499e-001
-6.841731071e-001
-6.652910113e-001
-6.240231395e-001
-5.567748547e-001
-4.878883064e-001
-4.288128912e-001
-3.993680775e-001
-3.940590024e-001
-3.942073882e-001
-4.034897089e-001
-4.035911262e-001
-3.781052232e-001
-3.325588107e-001
-2.608833909e-001
-1.869510114e-001
-1.431852877e-001
-1.264524758e-001
-1.454756707e-001
-1.842608005e-001
-2.048475742e-001
-1.922587454e-001
-1.408484429e-001
-6.204568222e-002
1.662880927e-002
7.401625812e-002
9.523076564e-002
9.090758860e-002
5.904109031e-002
-1.250952482e-003
-4.147077724e-002
-5.766291171e-002
-4.921288416e-002
-8.165027946e-003
1.778285578e-002
1.020402648e-002
-1.729095913e-002
-7.849862427e-002
-1.716761291e-001
-2.656524181e-001
-3.288258016e-001
-3.577560186e-001
-3.633698523e-001
-3.534691036e-001
-3.443658352e-001
-3.547881246e-001
-3.666750789e-001
-3.800195754e-001
-3.840505779e-001
-3.568339050e-001
-3.140254319e-001
-2.688612938e-001
-2.243208885e-001
-2.023867816e-001
-2.094274312e-001
-2.386355251e-001
-2.739491761e-001
-2.972892821e-001
-3.013158441e-001
-2.876684070e-001
-2.710094750e-001
-2.612919509e-001
-2.508829832e-001
-2.393711507e-001
-2.253394723e-001
-2.019717693e-001
-1.731455326e-001
-1.384292245e-001
-1.042876095e-001
-8.354346454e-002
-7.051666826e-002
-5.805417895e-002
-3.846751526e-002
-5.932264030e-003
3.032233566e-002
5.668001249e-002
6.926744431e-002
6.608954072e-002
5.292303860e-002
3.511059657e-002
1.752417162e-002
5.573768169e-003
3.280825913e-003
7.347378880e-003
8.119907230e-003
6.676498801e-003
8.463237435e-003
1.256143674e-002
2.095388249e-002
3.077296168e-002
3.333248198e-002
2.775836363e-002
2.050699666e-002
1.799950749e-002
2.564318106e-002
4.591331631e-002
7.199211419e-002
9.361724555e-002
1.063639298e-001
1.024022698e-001
8.368798345e-002
6.434209645e-002
5.163516477e-002
5.137835070e-002
6.936556101e-002
9.433217347e-002
1.164835542e-001
1.313648373e-001
1.364769787e-001
1.356598735e-001
1.361694932e-001
1.438291371e-001
1.586126238e-001
1.780605614e-001
2.021684200e-001
2.221854180e-001
2.357257456e-001
2.462533861e-001
2.441098690e-001
2.319091558e-001
2.249988467e-001
2.260489762e-001
2.339753062e-001
2.475741208e-001
2.599980831e-001
2.655073702e-001
2.632833719e-001
2.579489648e-001
2.540770173e-001
2.600397766e-001
2.860843241e-001
3.214030266e-001
3.531758189e-001
3.843931258e-001
4.034192264e-001
4.158504903e-001
4.342869222e-001
4.595568776e-001
4.962743521e-001
5.470361114e-001
5.978723764e-001
6.470251679e-001
6.927789450e-001
7.300611138e-001
7.635555863e-001
7.984154224e-001
8.300990462e-001
8.609136939e-001
8.869814277e-001
9.074343443e-001
9.142971039e-001
8.972314000e-001
8.490179181e-001
7.721747756e-001
6.802840233e-001
6.108737588e-001
5.528527498e-001
5.170822144e-001
4.934580326e-001
4.558118284e-001
4.155775607e-001
3.915587664e-001
3.865154982e-001
4.025568068e-001
3.988727629e-001
3.747409582e-001
3.105379939e-001
1.975609958e-001
3.872250766e-002
-1.635723710e-001
-3.024394214e-001
-3.817042112e-001
-4.280917048e-001
-4.505342245e-001
-4.641210735e-001
-4.884513319e-001
-5.193137527e-001
-5.440622568e-001
-5.507768989e-001
-5.364366174e-001
-5.036139488e-001
-4.517347217e-001
-4.054288864e-001
-3.708872497e-001
-3.498744965e-001
-3.479078412e-001
-3.515973389e-001
-3.558026254e-001
-3.675426841e-001
-3.689527810e-001
-3.530117273e-001
-3.216595054e-001
-2.724104822e-001
-2.208447158e-001
-1.816403270e-001
-1.694877446e-001
-1.854438931e-001
-2.043214887e-001
-2.101974189e-001
-1.945112795e-001
-1.487224549e-001
