-2.128654160e-005
-5.620415322e-005
-1.229459886e-004
-2.302865032e-004
-3.724575508e-004
-5.396751221e-004
-7.212699857e-004
-9.065992199e-004
-1.093284693e-003
-1.273461385e-003
-1.429550815e-003
-1.538642682e-003
-1.560734119e-003
-1.461966895e-003
-1.237052726e-003
-8.910719771e-004
-4.209501203e-004
1.916717738e-004
9.768335149e-004
1.980105881e-003
3.247258021e-003
4.798039794e-003
6.644111127e-003
8.782731369e-003
1.118498482e-002
1.383518893e-002
1.672561094e-002
1.985292323e-002
2.323989943e-002
2.690456435e-002
3.084881976e-002
3.507424146e-002
4.766496643e-002
5.771995708e-002
7.477109879e-002
9.532964975e-002
1.138749421e-001
1.288994998e-001
1.405699253e-001
1.496952325e-001
1.605773717e-001
1.726949066e-001
1.840345412e-001
1.943110079e-001
1.958594769e-001
1.934429407e-001
2.018890381e-001
2.266950011e-001
2.652303874e-001
3.110290170e-001
3.575099409e-001
3.923409581e-001
4.178044796e-001
4.419459999e-001
4.663849473e-001
4.952343106e-001
5.371742845e-001
5.860254765e-001
6.373914480e-001
6.885410547e-001
7.290775776e-001
7.610745430e-001
7.875126600e-001
8.127815723e-001
8.402642012e-001
8.690265417e-001
8.937067389e-001
9.009882212e-001
8.752331734e-001
8.077420592e-001
7.046542764e-001
5.672808886e-001
4.569487870e-001
3.854393363e-001
3.522702754e-001
3.329611123e-001
2.948271334e-001
2.395190299e-001
1.622091234e-001
9.452477843e-002
7.065124065e-002
8.720768988e-002
8.098185062e-002
4.753967375e-002
-3.347182274e-002
-1.750623584e-001
-3.960485756e-001
-5.448768139e-001
-6.373578906e-001
-6.733568907e-001
-6.573019028e-001
-6.217505336e-001
-5.997363925e-001
-5.999448299e-001
-6.202175617e-001
-6.422276497e-001
-6.420196891e-001
-6.084833741e-001
-5.444614887e-001
-4.420960248e-001
-3.209150732e-001
-2.286972553e-001
-1.753929257e-001
-1.456566602e-001
-1.379079372e-001
-1.519919485e-001
-1.707880199e-001
-1.692857444e-001
-1.381528080e-001
-8.093322814e-002
-1.612383872e-002
3.493176028e-002
5.074996874e-002
2.589678578e-002
-2.839399129e-002
-8.609151095e-002
-1.193896830e-001
-1.129018590e-001
-7.299157977e-002
-1.863252744e-002
1.670958102e-002
1.465747599e-002
-2.277477272e-002
-1.054487303e-001
-2.106991261e-001
-3.013031781e-001
-3.494396806e-001
-3.399395943e-001
-2.906714976e-001
-2.343407124e-001
-2.129025161e-001
-2.314501554e-001
-2.967669666e-001
-4.018852711e-001
-4.968313873e-001
-5.490624905e-001
-5.717043281e-001
-5.614048839e-001
-5.315570831e-001
-5.010173917e-001
-4.746448994e-001
-4.520156980e-001
-4.327102900e-001
-4.057936072e-001
-3.635368645e-001
-3.068167865e-001
-2.399449944e-001
-1.670661867e-001
-1.064936742e-001
-6.919430196e-002
-4.371127859e-002
-2.724004351e-002
-2.891670540e-002
-4.113543779e-002
-5.153674632e-002
-5.894437060e-002
-5.715159699e-002
-4.135829583e-002
-1.635550335e-002
1.029794291e-002
3.623586893e-002
5.366110802e-002
5.227092281e-002
3.592095152e-002
1.119369268e-002
-1.207766216e-002
-1.781634241e-002
-5.013763439e-003
1.652417146e-002
3.653722629e-002
4.165146872e-002
2.522837743e-002
-8.845083416e-003
-5.079991370e-002
-8.752241731e-002
-1.095008403e-001
-1.173480973e-001
-1.195349470e-001
-1.226629689e-001
-1.330832690e-001
-1.513823569e-001
-1.648617536e-001
-1.676197797e-001
-1.620293707e-001
-1.470020413e-001
-1.306377053e-001
-1.222771928e-001
-1.183887348e-001
-1.146265268e-001
-1.112652048e-001
-1.066572294e-001
-9.816608578e-002
-9.046796709e-002
-8.786791563e-002
-8.621758223e-002
-8.314809203e-002
-7.588659227e-002
-6.073806435e-002
-4.175888002e-002
-2.186773717e-002
-6.552812643e-003
-2.745105186e-003
-7.352413610e-003
-1.606450975e-002
-2.380621433e-002
-2.549431287e-002
-2.141493559e-002
-8.257403970e-003
1.292352006e-002
3.242133930e-002
4.414713755e-002
4.858510569e-002
5.139017850e-002
5.515012890e-002
6.405546516e-002
8.429193497e-002
1.084114686e-001
1.278580129e-001
1.413607746e-001
1.495950222e-001
1.622796804e-001
1.818664074e-001
2.147623152e-001
2.604077756e-001
3.073185980e-001
3.503632843e-001
3.863026202e-001
4.138378799e-001
4.363920689e-001
4.604445696e-001
4.901118577e-001
5.315340757e-001
5.836910605e-001
6.358330846e-001
6.765804887e-001
7.109704018e-001
7.486021519e-001
7.793421745e-001
8.056061864e-001
8.343961239e-001
8.597770333e-001
8.812361956e-001
8.901209235e-001
8.633009195e-001
7.936177254e-001
6.956684589e-001
5.697758794e-001
4.613929689e-001
3.885135949e-001
3.420412242e-001
2.943520546e-001
2.351156473e-001
1.737908125e-001
1.053404063e-001
6.333734095e-002
6.482303888e-002
7.773447782e-002
6.392963231e-002
1.560063101e-002
-9.120866656e-002
-2.673204839e-001
-4.723560214e-001
-6.013712287e-001
-6.740611196e-001
-6.920489669e-001
-6.690396070e-001
-6.387265325e-001
-6.274152398e-001
-6.349309087e-001
-6.537255645e-001
-6.669064760e-001
-6.547071934e-001
-6.099652648e-001
-5.403558016e-001
-4.342799187e-001
-3.208799660e-001
-2.358314991e-001
-1.852710694e-001
-1.534359157e-001
-1.382401437e-001
-1.395343095e-001
-1.379265487e-001
-1.139816940e-001
-6.457731128e-002
-7.760787848e-004
5.528092384e-002
8.462531865e-002
7.881138474e-002
3.089060821e-002
-2.859229594e-002
-7.455319911e-002
-8.187661320e-002
-4.268547893e-002
2.398252487e-002
9.045299888e-002
1.150654405e-001
1.056758538e-001
5.530089885e-002
-3.248981386e-002
-1.356420368e-001
-2.198847532e-001
-2.567524910e-001
-2.406701744e-001
-2.045086771e-001
-1.757120043e-001
-1.740480661e-001
-2.076375335e-001
-2.869547606e-001
-3.847179413e-001
-4.669808149e-001
-5.155283213e-001
-5.305673480e-001
-5.188321471e-001
-4.964183271e-001
-4.700579345e-001
-4.438682795e-001
-4.304403067e-001
-4.199231267e-001
-3.995583057e-001
-3.669644594e-001
-3.135394156e-001
-2.426695824e-001
-1.725269258e-001
-1.297240555e-001
-1.023939475e-001
-9.567526728e-002
-1.108879745e-001
-1.388965249e-001
-1.614891887e-001
-1.737309843e-001
-1.691506654e-001
-1.519350857e-001
-1.300248653e-001
-1.038209572e-001
-7.844567299e-002
-6.012421846e-002
-4.832059145e-002
-4.339515790e-002
-4.641143978e-002
-5.305235460e-002
-5.625766143e-002
-5.214217678e-002
-3.958963603e-002
-2.153825201e-002
-9.208070114e-003
-1.314531267e-002
-3.539591655e-002
-7.297571748e-002
-1.148449481e-001
-1.479764879e-001
-1.675718874e-001
-1.740040928e-001
-1.724874377e-001
-1.719495058e-001
-1.795925945e-001
-1.955885589e-001
-2.098371089e-001
-2.106400877e-001
-1.954344958e-001
-1.705652475e-001
-1.453101039e-001
-1.270091832e-001
-1.204824299e-001
-1.250566244e-001
-1.336407214e-001
-1.389962137e-001
-1.378517300e-001
-1.326702237e-001
-1.286150664e-001
-1.259241700e-001
-1.226504669e-001
-1.164534017e-001
-1.020303145e-001
-7.991424203e-002
-5.759004131e-002
-3.913395852e-002
-2.545824461e-002
-1.685525477e-002
-1.019599382e-002
-2.106813481e-003
6.420440972e-003
1.484700013e-002
2.334876731e-002
2.831410617e-002
2.972519957e-002
3.481118754e-002
4.696595669e-002
6.348493695e-002
8.241214603e-002
1.009543091e-001
1.153012365e-001
1.255583167e-001
1.318753660e-001
1.313892305e-001
1.264790297e-001
1.285231560e-001
1.454190761e-001
1.777504236e-001
2.266714722e-001
2.845359743e-001
3.368931413e-001
3.759246171e-001
4.000033140e-001
4.127692282e-001
4.199534059e-001
4.362287223e-001
4.697910547e-001
5.180379152e-001
5.745303035e-001
6.289356351e-001
6.721898913e-001
7.051649690e-001
7.357043624e-001
7.654855847e-001
7.920524478e-001
8.188112974e-001
8.418463469e-001
8.557145000e-001
8.556571603e-001
8.316351175e-001
7.741370797e-001
6.892889142e-001
5.767700672e-001
4.861135781e-001
4.220517278e-001
3.834278286e-001
3.575841188e-001
3.110927939e-001
2.477443218e-001
1.784776896e-001
1.190964505e-001
8.723490685e-002
9.096400440e-002
7.739848644e-002
3.545158356e-002
-4.556628689e-002
-1.866163611e-001
-4.103014171e-001
-5.626025200e-001
-6.560283303e-001
-6.955397725e-001
-6.834176779e-001
-6.389870048e-001
-6.075067520e-001
-6.060081720e-001
-6.250100136e-001
-6.553814411e-001
-6.712716818e-001
-6.475639939e-001
-5.881179571e-001
-4.871179163e-001
-3.603031933e-001
-2.685488760e-001
-2.212531865e-001
-2.069614977e-001
-2.188248634e-001
-2.594705224e-001
-2.929092050e-001
-2.862807810e-001
-2.386402488e-001
-1.582603902e-001
-7.141648233e-002
-1.484878268e-002
2.864177804e-003
-2.817756869e-002
-9.077186137e-002
-1.447065324e-001
-1.657404304e-001
-1.416962743e-001
-7.512184978e-002
3.275222611e-003
5.137578771e-002
6.044550240e-002
2.837861329e-002
-4.298520833e-002
-1.427325904e-001
-2.255330235e-001
-2.706368864e-001
-2.594821751e-001
-2.089789659e-001
-1.632080376e-001
-1.542450339e-001
-1.786437780e-001
-2.458450049e-001
-3.518504202e-001
-4.530915320e-001
-5.118117929e-001
-5.354984999e-001
-5.252400637e-001
-4.945455790e-001
-4.562382698e-001
-4.241344929e-001
-4.158801436e-001
-4.279432595e-001
-4.382707477e-001
-4.295912981e-001
-3.998749852e-001
-3.453623056e-001
-2.746705115e-001
-2.100145221e-001
-1.769658029e-001
-1.680542678e-001
-1.838789433e-001
-2.156427801e-001
-2.408942878e-001
-2.452220172e-001
-2.329404056e-001
-2.102423310e-001
-1.822601259e-001
-1.612140685e-001
-1.439685673e-001
-1.262232661e-001
-1.131217778e-001
-1.014796495e-001
-9.128089994e-002
-8.469510078e-002
-7.863052934e-002
-6.960535049e-002
-5.166512355e-002
-2.448335290e-002
3.129024059e-003
1.593456790e-002
2.255335450e-003
-2.864869684e-002
-6.509246677e-002
-9.760417044e-002
-1.096965596e-001
-1.067300737e-001
-1.031883806e-001
-1.024466977e-001
-1.150237322e-001
-1.413458884e-001
-1.655740887e-001
-1.774287373e-001
-1.696023345e-001
-1.440709084e-001
-1.158327758e-001
-1.008707806e-001
-1.039780974e-001
-1.150597855e-001
-1.280143112e-001
-1.364403069e-001
-1.301390827e-001
-1.179262772e-001
-1.099274978e-001
-1.073734164e-001
-1.162628233e-001
-1.295294613e-001
-1.363563538e-001
-1.359148622e-001
-1.255871058e-001
-1.083182395e-001
-9.130901098e-002
-7.889872044e-002
-7.242124528e-002
-6.638940424e-002
-5.960839987e-002
-5.065671355e-002
-3.568994999e-002
-2.165711857e-002
-1.130969916e-002
-3.672852181e-003
-8.523762226e-004
4.840468056e-003
1.393734291e-002
2.166603692e-002
3.285025433e-002
4.647725075e-002
6.010671332e-002
7.597307861e-002
9.355588257e-002
1.129566059e-001
1.349313408e-001
1.642702520e-001
1.987331659e-001
2.332701981e-001
2.713539898e-001
3.092161119e-001
3.412386775e-001
3.694657087e-001
3.947927356e-001
4.177720845e-001
4.478086531e-001
4.873971045e-001
5.355477929e-001
5.892415643e-001
6.414253712e-001
6.859075427e-001
7.186774611e-001
7.476387620e-001
7.757437229e-001
7.993445396e-001
8.224925995e-001
8.443753123e-001
8.573698997e-001
8.546850085e-001
8.271201253e-001
7.709568143e-001
6.947357059e-001
6.096607447e-001
5.444156528e-001
4.940522313e-001
4.552769661e-001
4.111191630e-001
3.428164721e-001
2.701782286e-001
2.200993598e-001
1.815424711e-001
1.781929731e-001
1.848047227e-001
1.621380150e-001
9.819335490e-002
-1.265089214e-002
-1.877740771e-001
-3.820903599e-001
-5.036438107e-001
-5.672718883e-001
-5.845766068e-001
-5.682837963e-001
-5.479067564e-001
-5.512502193e-001
-5.701039433e-001
-5.902841091e-001
-6.039304137e-001
-5.938715935e-001
-5.524892807e-001
-4.803701639e-001
-3.815115392e-001
-2.886319160e-001
-2.320783138e-001
-2.040659338e-001
-1.964170933e-001
-2.097791731e-001
-2.315576971e-001
-2.340702862e-001
-2.040425539e-001
-1.420726627e-001
-6.263708323e-002
9.160800837e-003
4.358525574e-002
3.379274160e-002
-1.696578600e-002
-6.858357042e-002
-9.753229469e-002
-8.846192807e-002
-3.326348960e-002
4.486647993e-002
1.127853245e-001
1.403104961e-001
1.349598467e-001
9.279844910e-002
1.805194654e-002
-5.778708309e-002
-1.137825549e-001
-1.323025078e-001
-1.104372442e-001
-7.803726941e-002
-6.106776372e-002
-7.284382731e-002
-1.120452285e-001
-1.962916702e-001
-2.971173823e-001
-3.842987120e-001
-4.290312529e-001
-4.454330206e-001
-4.395802021e-001
-4.251705408e-001
-4.071996808e-001
-3.970901370e-001
-4.022440910e-001
-4.142290056e-001
-4.137066603e-001
-3.924771547e-001
-3.528020382e-001
-2.974869311e-001
-2.378808856e-001
-1.969703287e-001
-1.840766817e-001
-1.872626543e-001
-2.094497532e-001
-2.399330586e-001
-2.603524029e-001
-2.659169436e-001
-2.612994015e-001
-2.431008816e-001
-2.145219892e-001
-1.829923987e-001
-1.495338976e-001
-1.199637949e-001
-1.041881070e-001
-1.023611799e-001
-1.054418683e-001
-1.068842411e-001
-9.963339567e-002
-7.374846190e-002
-3.475805745e-002
3.715127241e-004
2.050284669e-002
1.732235774e-002
-1.014702581e-002
-5.021864548e-002
-8.535550535e-002
-1.020891815e-001
-1.029017493e-001
-9.640489519e-002
-8.904203027e-002
-9.045083821e-002
-1.026854888e-001
-1.203859076e-001
-1.399261802e-001
-1.526659876e-001
-1.522702724e-001
-1.420906484e-001
-1.266655624e-001
-1.102889702e-001
-9.774323553e-002
-9.222873300e-002
-9.136422724e-002
-9.078580141e-002
-9.133689106e-002
-9.052141011e-002
-8.535014838e-002
-7.886210829e-002
-6.934793293e-002
-5.822805688e-002
-5.269962922e-002
-5.031126365e-002
-4.651854932e-002
-4.212752730e-002
-3.796400875e-002
-3.358178586e-002
-2.723575383e-002
-2.059689723e-002
-1.453255303e-002
-5.736922845e-003
5.593076348e-003
1.803960651e-002
2.970390394e-002
3.816077858e-002
4.711009189e-002
5.754256994e-002
6.962104887e-002
8.793449402e-002
1.099909097e-001
1.297809482e-001
1.454905272e-001
1.563831568e-001
1.611478329e-001
1.624283791e-001
1.704202145e-001
1.854773462e-001
2.121520936e-001
2.534778118e-001
3.003491163e-001
3.374655843e-001
3.651885688e-001
3.853410184e-001
4.027544558e-001
4.223288298e-001
4.506851137e-001
4.924423993e-001
5.427131653e-001
5.971212387e-001
6.541483402e-001
7.022757530e-001
7.375478148e-001
7.660409808e-001
7.898730040e-001
8.123995662e-001
8.365894556e-001
8.630610108e-001
8.808130622e-001
8.730199337e-001
8.306468725e-001
7.498424649e-001
6.297590137e-001
5.250113010e-001
4.544051886e-001
4.111958444e-001
3.975564837e-001
3.810979426e-001
3.380004466e-001
2.899788916e-001
2.407271266e-001
1.994729638e-001
1.869804859e-001
1.724922657e-001
1.326711923e-001
4.044599831e-002
-9.570015967e-002
-3.111830652e-001
-4.966352582e-001
-6.057353616e-001
-6.623031497e-001
-6.764656901e-001
-6.573895216e-001
-6.421864629e-001
-6.477234960e-001
-6.613782644e-001
-6.782039404e-001
-6.835561395e-001
-6.648912430e-001
-6.236234903e-001
-5.562565327e-001
-4.874348342e-001
-4.283328354e-001
-3.988311887e-001
-3.936177492e-001
-3.937698007e-001
-4.030863047e-001
-4.032512605e-001
-3.777689040e-001
-3.322771490e-001
-2.603601217e-001
-1.864916235e-001
-1.426283568e-001
-1.260806173e-001
-1.450127214e-001
-1.838288605e-001
-2.040792108e-001
-1.916417181e-001
-1.401377171e-001
-6.160706282e-002
1.734579541e-002
7.452091575e-002
9.573982656e-002
9.161423147e-002
5.949914455e-002
-7.265312597e-004
-4.060694575e-002
-5.691624805e-002
-4.864406213e-002
-7.620678283e-003
1.840134338e-002
1.074327342e-002
-1.657381840e-002
-7.780779153e-002
-1.710705012e-001
-2.650402784e-001
-3.280995786e-001
-3.570655584e-001
-3.625005782e-001
-3.529215157e-001
-3.435380161e-001
-3.541949093e-001
-3.663228750e-001
-3.793594241e-001
-3.835710287e-001
-3.560170531e-001
-3.132685125e-001
-2.680733800e-001
-2.237468809e-001
-2.017830908e-001
-2.088864595e-001
-2.378225029e-001
-2.735968530e-001
-2.964493036e-001
-3.004588783e-001
-2.870326638e-001
-2.701680958e-001
-2.607346773e-001
-2.500607371e-001
-2.385875732e-001
-2.247780263e-001
-2.013590783e-001
-1.724806726e-001
-1.377421916e-001
-1.038522497e-001
-8.311462402e-002
-6.991048902e-002
-5.745350569e-002
-3.808422014e-002
-5.155156367e-003
3.070154600e-002
5.727292970e-002
6.967754662e-002
6.677540392e-002
5.364152417e-002
3.570935503e-002
1.815667190e-002
6.148740649e-003
3.799510887e-003
7.839707658e-003
8.739531040e-003
7.331237197e-003
9.121539071e-003
1.328464411e-002
2.155860327e-002
3.150180727e-002
3.403361142e-002
2.827833779e-002
2.108780108e-002
1.876305416e-002
2.628270537e-002
4.633747786e-002
7.250531763e-002
9.446256608e-002
1.069914848e-001
1.031163633e-001
8.430524915e-002
6.504549086e-002
5.227157846e-002
5.222312734e-002
6.996129453e-002
9.492350370e-002
1.169191301e-001
1.317669749e-001
1.368471384e-001
1.362733841e-001
1.366318613e-001
1.442641914e-001
1.592047065e-001
1.785668582e-001
2.026816458e-001
2.229499966e-001
2.361336201e-001
2.467025518e-001
2.449356467e-001
2.324412465e-001
2.258179188e-001
2.267275304e-001
2.344519794e-001
2.480906695e-001
2.607667148e-001
2.662218511e-001
2.640955150e-001
2.586751580e-001
2.546841800e-001
2.604967952e-001
2.867256403e-001
3.221656084e-001
3.539986610e-001
3.848398626e-001
4.040775895e-001
4.164149463e-001
4.349707961e-001
4.599635303e-001
4.969220161e-001
5.474976897e-001
5.983918309e-001
6.474807262e-001
6.932634115e-001
7.304218411e-001
7.638238072e-001
7.988356948e-001
8.305656314e-001
8.615733981e-001
8.874510527e-001
9.078419805e-001
9.149633646e-001
8.978802562e-001
8.494565487e-001
7.726413012e-001
6.809979081e-001
6.113772988e-001
5.533592105e-001
5.177750587e-001
4.941838682e-001
4.562049508e-001
4.161862135e-001
3.919856250e-001
3.871562183e-001
4.033362269e-001
3.995409310e-001
3.756636977e-001
3.113500178e-001
1.983894855e-001
3.968315199e-002
-1.628614515e-001
-3.016977310e-001
-3.810120523e-001
-4.272791147e-001
-4.497509599e-001
-4.636659622e-001
-4.877905548e-001
-5.188528895e-001
-5.434387326e-001
-5.503320694e-001
-5.359783173e-001
-5.031579137e-001
-4.513158500e-001
-4.048947692e-001
-3.706044853e-001
-3.493522406e-001
-3.473596275e-001
-3.512365222e-001
-3.553537726e-001
-3.670369089e-001
-3.686063290e-001
-3.523943424e-001
-3.213141561e-001
-2.720381320e-001
-2.203833014e-001
-1.811514646e-001
-1.691533327e-001
-1.850502193e-001
-2.039301246e-001
-2.096851617e-001
-1.938472241e-001
-1.483635455e-001
