-2.169609070e-005
-5.650520325e-005
-1.237392426e-004
-2.307891846e-004
-3.731250763e-004
-5.402565002e-004
-7.219314575e-004
-9.071826935e-004
-1.093626022e-003
-1.273870468e-003
-1.430034637e-003
-1.539230347e-003
-1.561403275e-003
-1.462459564e-003
-1.237630844e-003
-8.916854858e-004
-4.212856293e-004
1.912117004e-004
9.760856628e-004
1.979827881e-003
3.246545792e-003
4.797458649e-003
6.643533707e-003
8.782148361e-003
1.118445396e-002
1.383471489e-002
1.672506332e-002
1.985239983e-002
2.323937416e-002
2.690410614e-002
3.084850311e-002
3.507351875e-002
4.766464233e-002
5.771946907e-002
7.477068901e-002
9.532928467e-002
1.138741970e-001
1.288990974e-001
1.405694485e-001
1.496949196e-001
1.605768204e-001
1.726946831e-001
1.840341091e-001
1.943106651e-001
1.958589554e-001
1.934421062e-001
2.018883228e-001
2.266941071e-001
2.652294636e-001
3.110282421e-001
3.575091362e-001
3.923401833e-001
4.178037643e-001
4.419453144e-001
4.663839340e-001
4.952332973e-001
5.371732712e-001
5.860247612e-001
6.373908520e-001
6.885399818e-001
7.290768623e-001
7.610735893e-001
7.875113487e-001
8.127806187e-001
8.402631283e-001
8.690257072e-001
8.937056065e-001
9.009871483e-001
8.752319813e-001
8.077409267e-001
7.046535015e-001
5.672800541e-001
4.569478035e-001
3.854384422e-001
3.522694111e-001
3.329603672e-001
2.948262691e-001
2.395186424e-001
1.622087955e-001
9.452414513e-002
7.065081596e-002
8.720731735e-002
8.098125458e-002
4.753899574e-002
-3.347253799e-002
-1.750628948e-001
-3.960490227e-001
-5.448772907e-001
-6.373584270e-001
-6.733574867e-001
-6.573026180e-001
-6.217510700e-001
-5.997369289e-001
-5.999455452e-001
-6.202182770e-001
-6.422281265e-001
-6.420202255e-001
-6.084837914e-001
-5.444619656e-001
-4.420964718e-001
-3.209156990e-001
-2.286980152e-001
-1.753938198e-001
-1.456570625e-001
-1.379084587e-001
-1.519923210e-001
-1.707885265e-001
-1.692860126e-001
-1.381530762e-001
-8.093357086e-002
-1.612401009e-002
3.493118286e-002
5.074930191e-002
2.589654922e-002
-2.839422226e-002
-8.609223366e-002
-1.193902493e-001
-1.129024029e-001
-7.299232483e-002
-1.863312721e-002
1.670908928e-002
1.465725899e-002
-2.277541161e-002
-1.054491997e-001
-2.106995583e-001
-3.013036251e-001
-3.494400978e-001
-3.399403095e-001
-2.906720638e-001
-2.343411446e-001
-2.129030228e-001
-2.314510345e-001
-2.967674732e-001
-4.018859863e-001
-4.968321323e-001
-5.490629673e-001
-5.717048645e-001
-5.614054203e-001
-5.315575600e-001
-5.010180473e-001
-4.746456146e-001
-4.520161152e-001
-4.327108860e-001
-4.057941437e-001
-3.635375500e-001
-3.068172932e-001
-2.399456501e-001
-1.670665741e-001
-1.064941883e-001
-6.919479370e-002
-4.371213913e-002
-2.724051476e-002
-2.891731262e-002
-4.113602638e-002
-5.153727531e-002
-5.894494057e-002
-5.715203285e-002
-4.135870934e-002
-1.635599136e-002
1.029753685e-002
3.623533249e-002
5.366063118e-002
5.227041245e-002
3.592038155e-002
1.119327545e-002
-1.207828522e-002
-1.781702042e-002
-5.014181137e-003
1.652383804e-002
3.653669357e-002
4.165077209e-002
2.522778511e-002
-8.845329285e-003
-5.080032349e-002
-8.752298355e-002
-1.095013618e-001
-1.173486710e-001
-1.195356846e-001
-1.226637363e-001
-1.330835819e-001
-1.513829231e-001
-1.648621559e-001
-1.676201820e-001
-1.620297432e-001
-1.470024586e-001
-1.306381226e-001
-1.222779751e-001
-1.183891296e-001
-1.146268845e-001
-1.112656593e-001
-1.066577435e-001
-9.816670418e-002
-9.046840668e-002
-8.786845207e-002
-8.621788025e-002
-8.314871788e-002
-7.588672638e-002
-6.073856354e-002
-4.175901413e-002
-2.186846733e-002
-6.553173065e-003
-2.745628357e-003
-7.352828979e-003
-1.606512070e-002
-2.380657196e-002
-2.549505234e-002
-2.141547203e-002
-8.257865906e-003
1.292300224e-002
3.242087364e-002
4.414677620e-002
4.858446121e-002
5.138993263e-002
5.514979362e-002
6.405472755e-002
8.429145813e-002
1.084110737e-001
1.278576851e-001
1.413602829e-001
1.495945454e-001
1.622788906e-001
1.818656921e-001
2.147614956e-001
2.604069710e-001
3.073179722e-001
3.503625393e-001
3.863017559e-001
4.138371944e-001
4.363913536e-001
4.604437351e-001
4.901111126e-001
5.315332413e-001
5.836901665e-001
6.358323097e-001
6.765794754e-001
7.109694481e-001
7.486014366e-001
7.793412209e-001
8.056049347e-001
8.343949318e-001
8.597760201e-001
8.812351227e-001
8.901197910e-001
8.633000851e-001
7.936167717e-001
6.956675053e-001
5.697751045e-001
4.613921642e-001
3.885128498e-001
3.420407772e-001
2.943511009e-001
2.351148129e-001
1.737904549e-001
1.053400040e-001
6.333708763e-002
6.482267380e-002
7.773399353e-002
6.392884254e-002
1.559996605e-002
-9.120941162e-002
-2.673208714e-001
-4.723567963e-001
-6.013720036e-001
-6.740615368e-001
-6.920492649e-001
-6.690404415e-001
-6.387271881e-001
-6.274158955e-001
-6.349313259e-001
-6.537261009e-001
-6.669070721e-001
-6.547079086e-001
-6.099660397e-001
-5.403563976e-001
-4.342803955e-001
-3.208806515e-001
-2.358324528e-001
-1.852717400e-001
-1.534364223e-001
-1.382408142e-001
-1.395347118e-001
-1.379270554e-001
-1.139819622e-001
-6.457757950e-002
-7.765293121e-004
5.528020859e-002
8.462476730e-002
7.881093025e-002
3.088998795e-002
-2.859282494e-002
-7.455348969e-002
-8.187699318e-002
-4.268598557e-002
2.398204803e-002
9.045243263e-002
1.150648594e-001
1.056754589e-001
5.530023575e-002
-3.249049187e-002
-1.356422901e-001
-2.198851109e-001
-2.567529678e-001
-2.406706810e-001
-2.045092583e-001
-1.757123470e-001
-1.740486622e-001
-2.076382637e-001
-2.869553566e-001
-3.847184181e-001
-4.669816494e-001
-5.155289173e-001
-5.305681229e-001
-5.188329220e-001
-4.964187145e-001
-4.700586796e-001
-4.438688755e-001
-4.304409027e-001
-4.199237823e-001
-3.995590210e-001
-3.669648170e-001
-3.135399818e-001
-2.426700592e-001
-1.725275517e-001
-1.297247410e-001
-1.023945808e-001
-9.567594528e-002
-1.108884811e-001
-1.388971806e-001
-1.614894867e-001
-1.737313271e-001
-1.691510677e-001
-1.519355774e-001
-1.300253868e-001
-1.038215160e-001
-7.844614983e-002
-6.012463570e-002
-4.832124710e-002
-4.339575768e-002
-4.641199112e-002
-5.305290222e-002
-5.625844002e-002
-5.214262009e-002
-3.959012032e-002
-2.153873444e-002
-9.208440781e-003
-1.314568520e-002
-3.539633751e-002
-7.297635078e-002
-1.148452759e-001
-1.479768753e-001
-1.675722599e-001
-1.740047932e-001
-1.724879742e-001
-1.719501019e-001
-1.795930862e-001
-1.955888271e-001
-2.098374367e-001
-2.106406689e-001
-1.954348087e-001
-1.705658436e-001
-1.453106403e-001
-1.270096302e-001
-1.204829216e-001
-1.250569820e-001
-1.336410046e-001
-1.389968395e-001
-1.378521919e-001
-1.326706409e-001
-1.286153793e-001
-1.259248257e-001
-1.226511002e-001
-1.164538860e-001
-1.020307541e-001
-7.991456985e-002
-5.759048462e-002
-3.913450241e-002
-2.545881271e-002
-1.685595512e-002
-1.019668579e-002
-2.107381821e-003
6.419897079e-003
1.484656334e-002
2.334833145e-002
2.831363678e-002
2.972483635e-002
3.481078148e-002
4.696536064e-002
6.348443031e-002
8.241176605e-002
1.009538174e-001
1.153008938e-001
1.255578995e-001
1.318750381e-001
1.313886642e-001
1.264784336e-001
1.285226345e-001
1.454181671e-001
1.777496338e-001
2.266707420e-001
2.845351696e-001
3.368926048e-001
3.759238720e-001
4.000022411e-001
4.127683640e-001
4.199526310e-001
4.362280369e-001
4.697899818e-001
5.180370808e-001
5.745294094e-001
6.289346218e-001
6.721892357e-001
7.051641941e-001
7.357034683e-001
7.654848099e-001
7.920513153e-001
8.188104630e-001
8.418450356e-001
8.557133675e-001
8.556561470e-001
8.316342831e-001
7.741360664e-001
6.892876625e-001
5.767693520e-001
4.861128330e-001
4.220507145e-001
3.834269047e-001
3.575832844e-001
3.110921383e-001
2.477436066e-001
1.784772873e-001
1.190962791e-001
8.723449707e-002
9.096360207e-002
7.739806175e-002
3.545069695e-002
-4.556727409e-002
-1.866166592e-001
-4.103021622e-001
-5.626032352e-001
-6.560285091e-001
-6.955399513e-001
-6.834180355e-001
-6.389875412e-001
-6.075074673e-001
-6.060090065e-001
-6.250104904e-001
-6.553821564e-001
-6.712722778e-001
-6.475646496e-001
-5.881185532e-001
-4.871187210e-001
-3.603038788e-001
-2.685494423e-001
-2.212536335e-001
-2.069623470e-001
-2.188255787e-001
-2.594709396e-001
-2.929098606e-001
-2.862813473e-001
-2.386405468e-001
-1.582608223e-001
-7.141685486e-002
-1.484942436e-002
2.863407135e-003
-2.817797661e-002
-9.077239037e-002
-1.447069645e-001
-1.657407284e-001
-1.416966915e-001
-7.512235641e-002
3.274679184e-003
5.137515068e-002
6.044507027e-002
2.837777138e-002
-4.298567772e-002
-1.427328587e-001
-2.255334854e-001
-2.706372738e-001
-2.594826221e-001
-2.089793682e-001
-1.632087231e-001
-1.542456150e-001
-1.786446571e-001
-2.458453178e-001
-3.518509865e-001
-4.530923367e-001
-5.118122101e-001
-5.354988575e-001
-5.252406597e-001
-4.945464134e-001
-4.562387466e-001
-4.241352081e-001
-4.158809185e-001
-4.279437065e-001
-4.382712841e-001
-4.295918941e-001
-3.998754025e-001
-3.453626633e-001
-2.746710777e-001
-2.100152969e-001
-1.769664288e-001
-1.680548191e-001
-1.838791370e-001
-2.156431675e-001
-2.408947945e-001
-2.452225685e-001
-2.329409122e-001
-2.102427483e-001
-1.822605133e-001
-1.612148285e-001
-1.439690590e-001
-1.262238026e-001
-1.131222248e-001
-1.014800072e-001
-9.128141403e-002
-8.469557762e-002
-7.863092422e-002
-6.960606575e-002
-5.166554451e-002
-2.448391914e-002
3.128528595e-003
1.593422890e-002
2.254962921e-003
-2.864933014e-002
-6.509304047e-002
-9.760451317e-002
-1.096968651e-001
-1.067306995e-001
-1.031887531e-001
-1.024472713e-001
-1.150243282e-001
-1.413462162e-001
-1.655745506e-001
-1.774289608e-001
-1.696026325e-001
-1.440713406e-001
-1.158332825e-001
-1.008713245e-001
-1.039788723e-001
-1.150603294e-001
-1.280150414e-001
-1.364405155e-001
-1.301395893e-001
-1.179268360e-001
-1.099281311e-001
-1.073739529e-001
-1.162633896e-001
-1.295299530e-001
-1.363570690e-001
-1.359155178e-001
-1.255877018e-001
-1.083185673e-001
-9.130954742e-002
-7.889914513e-002
-7.242155075e-002
-6.638979912e-002
-5.960893631e-002
-5.065727234e-002
-3.569030762e-002
-2.165770531e-002
-1.131010056e-002
-3.673315048e-003
-8.525848389e-004
4.839897156e-003
1.393699646e-002
2.166557312e-002
3.284978867e-002
4.647707939e-002
6.010627747e-002
7.597255707e-002
9.355545044e-002
1.129562855e-001
1.349308491e-001
1.642699242e-001
1.987323761e-001
2.332696915e-001
2.713532448e-001
3.092153072e-001
3.412380219e-001
3.694648743e-001
3.947920799e-001
4.177711010e-001
4.478077888e-001
4.873962402e-001
5.355470181e-001
5.892407894e-001
6.414248943e-001
6.859066486e-001
7.186765671e-001
7.476377487e-001
7.757430077e-001
7.993435860e-001
8.224916458e-001
8.443744183e-001
8.573689461e-001
8.546838760e-001
8.271191120e-001
7.709560394e-001
6.947345734e-001
6.096596718e-001
5.444147587e-001
4.940514565e-001
4.552760124e-001
4.111182690e-001
3.428158760e-001
2.701776028e-001
2.200987339e-001
1.815419197e-001
1.781923771e-001
1.848042011e-001
1.621377468e-001
9.819269180e-002
-1.265144348e-002
-1.877748966e-001
-3.820910454e-001
-5.036439896e-001
-5.672726631e-001
-5.845773220e-001
-5.682842731e-001
-5.479073524e-001
-5.512509346e-001
-5.701043606e-001
-5.902845860e-001
-6.039307117e-001
-5.938720703e-001
-5.524899960e-001
-4.803707600e-001
-3.815121651e-001
-2.886323929e-001
-2.320790291e-001
-2.040665150e-001
-1.964175701e-001
-2.097797394e-001
-2.315583229e-001
-2.340707779e-001
-2.040431499e-001
-1.420731544e-001
-6.263756752e-002
9.160518646e-003
4.358482361e-002
3.379225731e-002
-1.696658134e-002
-6.858420372e-002
-9.753274918e-002
-8.846211433e-002
-3.326392174e-002
4.486608505e-002
1.127848625e-001
1.403098106e-001
1.349592209e-001
9.279799461e-002
1.805162430e-002
-5.778765678e-002
-1.137828827e-001
-1.323029995e-001
-1.104376316e-001
-7.803797722e-002
-6.106805801e-002
-7.284450531e-002
-1.120455265e-001
-1.962919235e-001
-2.971179485e-001
-3.842992783e-001
-4.290318489e-001
-4.454336166e-001
-4.395811558e-001
-4.251708984e-001
-4.072003365e-001
-3.970906734e-001
-4.022445679e-001
-4.142296314e-001
-4.137070179e-001
-3.924777508e-001
-3.528027534e-001
-2.974872589e-001
-2.378814220e-001
-1.969709396e-001
-1.840770245e-001
-1.872632504e-001
-2.094500065e-001
-2.399334908e-001
-2.603528500e-001
-2.659175396e-001
-2.612998486e-001
-2.431013584e-001
-2.145226002e-001
-1.829929352e-001
-1.495342255e-001
-1.199643612e-001
-1.041884422e-001
-1.023616791e-001
-1.054422855e-001
-1.068844795e-001
-9.963369370e-002
-7.374882698e-002
-3.475880623e-002
3.712177277e-004
2.050256729e-002
1.732182503e-002
-1.014757156e-002
-5.021929741e-002
-8.535599709e-002
-1.020894051e-001
-1.029021740e-001
-9.640526772e-002
-8.904266357e-002
-9.045124054e-002
-1.026859283e-001
-1.203866005e-001
-1.399269104e-001
-1.526665688e-001
-1.522705555e-001
-1.420907974e-001
-1.266660690e-001
-1.102893353e-001
-9.774374962e-002
-9.222912788e-002
-9.136486053e-002
-9.078645706e-002
-9.133720398e-002
-9.052181244e-002
-8.535075188e-002
-7.886242867e-002
-6.934833527e-002
-5.822849274e-002
-5.270004272e-002
-5.031180382e-002
-4.651904106e-002
-4.212784767e-002
-3.796458244e-002
-3.358221054e-002
-2.723646164e-002
-2.059745789e-002
-1.453280449e-002
-5.737543106e-003
5.592584610e-003
1.803922653e-002
2.970361710e-002
3.816008568e-002
4.710984230e-002
5.754208565e-002
6.962060928e-002
8.793401718e-002
1.099903584e-001
1.297802925e-001
1.454901695e-001
1.563830376e-001
1.611473560e-001
1.624279022e-001
1.704192162e-001
1.854767799e-001
2.121512890e-001
2.534768581e-001
3.003485203e-001
3.374648094e-001
3.651878834e-001
3.853399754e-001
4.027535915e-001
4.223279953e-001
4.506843090e-001
4.924416542e-001
5.427122116e-001
5.971205235e-001
6.541473866e-001
7.022747993e-001
7.375469208e-001
7.660398483e-001
7.898721695e-001
8.123984337e-001
8.365883827e-001
8.630599976e-001
8.808119297e-001
8.730189800e-001
8.306462765e-001
7.498414516e-001
6.297578812e-001
5.250101089e-001
4.544043541e-001
4.111950397e-001
3.975555897e-001
3.810970783e-001
3.379998207e-001
2.899780273e-001
2.407269478e-001
1.994726658e-001
1.869797707e-001
1.724917889e-001
1.326706409e-001
4.044532776e-002
-9.570097923e-002
-3.111836910e-001
-4.966361523e-001
-6.057360172e-001
-6.623039246e-001
-6.764662266e-001
-6.573901176e-001
-6.421871185e-001
-6.477239132e-001
-6.613790989e-001
-6.782045364e-001
-6.835565567e-001
-6.648919582e-001
-6.236243248e-001
-5.562572479e-001
-4.874355793e-001
-4.283332825e-001
-3.988318443e-001
-3.936183453e-001
-3.937704563e-001
-4.030869007e-001
-4.032516479e-001
-3.777694702e-001
-3.322777748e-001
-2.603607178e-001
-1.864922047e-001
-1.426291466e-001
-1.260812283e-001
-1.450130939e-001
-1.838293076e-001
-2.040796280e-001
-1.916425228e-001
-1.401381493e-001
-6.160759926e-002
1.734519005e-002
7.452034950e-002
9.573912621e-002
9.161376953e-002
5.949878693e-002
-7.271766663e-004
-4.060721397e-002
-5.691671371e-002
-4.864478111e-002
-7.621049881e-003
1.840090752e-002
1.074266434e-002
-1.657438278e-002
-7.780814171e-002
-1.710712910e-001
-2.650406361e-001
-3.280999660e-001
-3.570659161e-001
-3.625011444e-001
-3.529219627e-001
-3.435385227e-001
-3.541953564e-001
-3.663234711e-001
-3.793601990e-001
-3.835718632e-001
-3.560175896e-001
-3.132691383e-001
-2.680740356e-001
-2.237474918e-001
-2.017836571e-001
-2.088868618e-001
-2.378230095e-001
-2.735974789e-001
-2.964498997e-001
-3.004593849e-001
-2.870333195e-001
-2.701683044e-001
-2.607352734e-001
-2.500610352e-001
-2.385880947e-001
-2.247784138e-001
-2.013592720e-001
-1.724812984e-001
-1.377429962e-001
-1.038527489e-001
-8.311510086e-002
-6.991076469e-002
-5.745387077e-002
-3.808474541e-002
-5.155801773e-003
3.070116043e-002
5.727243423e-002
6.967711449e-002
6.677484512e-002
5.364108086e-002
3.570890427e-002
1.815629005e-002
6.148099899e-003
3.799200058e-003
7.839202881e-003
8.738994598e-003
7.330894470e-003
9.120941162e-003
1.328420639e-002
2.155828476e-002
3.150129318e-002
3.403306007e-002
2.827787399e-002
2.108716965e-002
1.876258850e-002
2.628231049e-002
4.633712769e-002
7.250475883e-002
9.446215630e-002
1.069910526e-001
1.031160355e-001
8.430457115e-002
6.504487991e-002
5.227112770e-002
5.222272873e-002
6.996083260e-002
9.492301941e-002
1.169188023e-001
1.317665577e-001
1.368465424e-001
1.362729073e-001
1.366310120e-001
1.442635059e-001
1.592042446e-001
1.785664558e-001
2.026810646e-001
2.229495049e-001
2.361333370e-001
2.467021942e-001
2.449350357e-001
2.324407101e-001
2.258174419e-001
2.267270088e-001
2.344512939e-001
2.480902672e-001
2.607657909e-001
2.662210464e-001
2.640948296e-001
2.586743832e-001
2.546832561e-001
2.604961395e-001
2.867245674e-001
3.221647739e-001
3.539979458e-001
3.848390579e-001
4.040765762e-001
4.164137840e-001
4.349699020e-001
4.599626064e-001
4.969210625e-001
5.474967957e-001
5.983908176e-001
6.474797726e-001
6.932623386e-001
7.304205894e-001
7.638230324e-001
7.988345623e-001
8.305644989e-001
8.615725040e-001
8.874499798e-001
9.078409672e-001
9.149622917e-001
8.978796005e-001
8.494555950e-001
7.726404667e-001
6.809971333e-001
6.113765240e-001
5.533583164e-001
5.177741051e-001
4.941830635e-001
4.562041759e-001
4.161853790e-001
3.919847012e-001
3.871552944e-001
4.033353329e-001
3.995404243e-001
3.756632805e-001
3.113493919e-001
1.983890533e-001
3.968238831e-002
-1.628618240e-001
-3.016982079e-001
-3.810126781e-001
-4.272794724e-001
-4.497518539e-001
-4.636666775e-001
-4.877912998e-001
-5.188536644e-001
-5.434393883e-001
-5.503325462e-001
-5.359790325e-001
-5.031583309e-001
-4.513161182e-001
-4.048955441e-001
-3.706052303e-001
-3.493530750e-001
-3.473601341e-001
-3.512370586e-001
-3.553545475e-001
-3.670375347e-001
-3.686070442e-001
-3.523948193e-001
-3.213145733e-001
-2.720384598e-001
-2.203841209e-001
-1.811518669e-001
-1.691539288e-001
-1.850504875e-001
-2.039308548e-001
-2.096858025e-001
-1.938476562e-001
-1.483643055e-001
