-2.127184780e-005
-5.620238517e-005
-1.229102490e-004
-2.301908971e-004
-3.723835107e-004
-5.396201741e-004
-7.212756318e-004
-9.066992206e-004
-1.093443716e-003
-1.273633563e-003
-1.429740340e-003
-1.538820798e-003
-1.560958102e-003
-1.462204731e-003
-1.237128163e-003
-8.908247692e-004
-4.202096025e-004
1.929936698e-004
9.786970913e-004
1.982504968e-003
3.250250826e-003
4.801735282e-003
6.648695562e-003
8.788408712e-003
1.119201910e-002
1.384377107e-002
1.673588715e-002
1.986493543e-002
2.325362712e-002
2.692000940e-002
3.086612374e-002
3.509354219e-002
4.770465195e-002
5.776160955e-002
7.481449842e-002
9.537457675e-002
1.139210612e-001
1.289464533e-001
1.406174898e-001
1.497433186e-001
1.606262028e-001
1.727445573e-001
1.840849966e-001
1.943619996e-001
1.959011406e-001
1.934845001e-001
2.019304037e-001
2.267361581e-001
2.652715147e-001
3.110702634e-001
3.575471044e-001
3.923782110e-001
4.178414345e-001
4.419824481e-001
4.664210081e-001
4.952706397e-001
5.372117162e-001
5.860642195e-001
6.374313831e-001
6.885819435e-001
7.291188836e-001
7.611157894e-001
7.875528336e-001
8.128219247e-001
8.403048515e-001
8.690676093e-001
8.937479258e-001
9.010293484e-001
8.752739429e-001
8.077827096e-001
7.046949863e-001
5.673223734e-001
4.569904208e-001
3.854800761e-001
3.523106575e-001
3.330007195e-001
2.948708236e-001
2.395626903e-001
1.622639596e-001
9.458048642e-002
7.070744038e-002
8.726210147e-002
8.103510737e-002
4.758833349e-002
-3.342366219e-002
-1.750134677e-001
-3.960068822e-001
-5.448360443e-001
-6.373175383e-001
-6.733168364e-001
-6.572619677e-001
-6.217103004e-001
-5.996958017e-001
-5.999037027e-001
-6.201823354e-001
-6.421924829e-001
-6.419847608e-001
-6.084481478e-001
-5.444254279e-001
-4.420582056e-001
-3.208753765e-001
-2.286560833e-001
-1.753448844e-001
-1.456041336e-001
-1.378563643e-001
-1.519408077e-001
-1.707317531e-001
-1.692291796e-001
-1.380954385e-001
-8.087499440e-002
-1.606525481e-002
3.499136120e-002
5.080940947e-002
2.595407143e-002
-2.833732963e-002
-8.603538573e-002
-1.193339899e-001
-1.128465980e-001
-7.293654233e-002
-1.857741177e-002
1.676625013e-002
1.471400261e-002
-2.271842211e-002
-1.053934842e-001
-2.106446326e-001
-3.012494147e-001
-3.493862748e-001
-3.398927450e-001
-2.906244993e-001
-2.342973948e-001
-2.128588557e-001
-2.314065099e-001
-2.967237234e-001
-4.018428028e-001
-4.967894554e-001
-5.490211248e-001
-5.716676116e-001
-5.613638163e-001
-5.315157175e-001
-5.009754896e-001
-4.746024311e-001
-4.519729018e-001
-4.326670468e-001
-4.057501554e-001
-3.634932637e-001
-3.067731559e-001
-2.398969978e-001
-1.670119464e-001
-1.064383388e-001
-6.913785636e-002
-4.365380853e-002
-2.718181908e-002
-2.885830402e-002
-4.107734188e-002
-5.147936568e-002
-5.888801813e-002
-5.709621310e-002
-4.130350798e-002
-1.630095765e-002
1.035261247e-002
3.629083186e-002
5.371621251e-002
5.232594535e-002
3.597579896e-002
1.124821231e-002
-1.202362031e-002
-1.776259579e-002
-4.960112274e-003
1.657776721e-002
3.659095615e-002
4.170538485e-002
2.528233454e-002
-8.791103959e-003
-5.074604601e-002
-8.746892959e-002
-1.094478369e-001
-1.172953770e-001
-1.194822118e-001
-1.226098835e-001
-1.330296099e-001
-1.513282806e-001
-1.648075283e-001
-1.675655842e-001
-1.619754136e-001
-1.469484270e-001
-1.305843294e-001
-1.222238392e-001
-1.183351427e-001
-1.145724580e-001
-1.112107337e-001
-1.066024080e-001
-9.811098874e-002
-9.041263163e-002
-8.781234920e-002
-8.616182208e-002
-8.309230953e-002
-7.583086193e-002
-6.068242714e-002
-4.170331359e-002
-2.181199566e-002
-6.496634334e-003
-2.688532695e-003
-7.295668125e-003
-1.600779034e-002
-2.374958061e-002
-2.543776296e-002
-2.135836333e-002
-8.200751618e-003
1.298021339e-002
3.247807175e-002
4.420387000e-002
4.864155501e-002
5.144582689e-002
5.520462990e-002
6.410892308e-002
8.434491605e-002
1.084643900e-001
1.279110163e-001
1.414135396e-001
1.496472955e-001
1.623207331e-001
1.819073558e-001
2.148030102e-001
2.604484558e-001
3.073594570e-001
3.504042625e-001
3.863396049e-001
4.138744473e-001
4.364278615e-001
4.604799747e-001
4.901478291e-001
5.315712690e-001
5.837298632e-001
6.358731985e-001
6.766213775e-001
7.110112906e-001
7.486429811e-001
7.793822885e-001
8.056464195e-001
8.344366550e-001
8.598178625e-001
8.812772036e-001
8.901617527e-001
8.633416891e-001
7.936583757e-001
6.957093477e-001
5.698175430e-001
4.614346325e-001
3.885547817e-001
3.420816064e-001
2.943964005e-001
2.351592928e-001
1.738452315e-001
1.053956524e-001
6.339345872e-002
6.487930566e-002
7.778844237e-002
6.398238242e-002
1.564913988e-002
-9.116046131e-002
-2.672716677e-001
-4.723149240e-001
-6.013305187e-001
-6.740207076e-001
-6.920088530e-001
-6.689994931e-001
-6.386862397e-001
-6.273745894e-001
-6.348959208e-001
-6.536904573e-001
-6.668716669e-001
-6.546725631e-001
-6.099302769e-001
-5.403195620e-001
-4.342414737e-001
-3.208396435e-001
-2.357901037e-001
-1.852231473e-001
-1.533836573e-001
-1.381887794e-001
-1.394776851e-001
-1.378701180e-001
-1.139247715e-001
-6.451964378e-002
-7.177665830e-004
5.534012988e-002
8.468451351e-002
7.886881381e-002
3.094752692e-002
-2.853570879e-002
-7.449693233e-002
-8.182075620e-002
-4.263002053e-002
2.403757721e-002
9.050945938e-002
1.151217967e-001
1.057322174e-001
5.535701662e-002
-3.243482858e-002
-1.355877370e-001
-2.198313177e-001
-2.566996813e-001
-2.406173050e-001
-2.044555843e-001
-1.756584942e-001
-1.740043759e-001
-2.075942159e-001
-2.869120240e-001
-3.846759200e-001
-4.669392705e-001
-5.154873133e-001
-5.305263996e-001
-5.187907219e-001
-4.963764250e-001
-4.700154662e-001
-4.438255727e-001
-4.303972721e-001
-4.198797643e-001
-3.995145857e-001
-3.669206500e-001
-3.134955764e-001
-2.426213324e-001
-1.724781394e-001
-1.296687573e-001
-1.023377329e-001
-9.561823308e-002
-1.108304262e-001
-1.388387382e-001
-1.614316255e-001
-1.736743748e-001
-1.690951586e-001
-1.518804282e-001
-1.299706697e-001
-1.037667096e-001
-7.839108258e-002
-6.006938592e-002
-4.826572537e-002
-4.334032163e-002
-4.635690525e-002
-5.299814418e-002
-5.620354041e-002
-5.208795890e-002
-3.953527287e-002
-2.148376033e-002
-9.153574705e-003
-1.309092343e-002
-3.534164652e-002
-7.292154431e-002
-1.147910506e-001
-1.479229331e-001
-1.675186306e-001
-1.739511788e-001
-1.724346727e-001
-1.718964875e-001
-1.795390546e-001
-1.955344230e-001
-2.097825557e-001
-2.105855346e-001
-1.953803301e-001
-1.705116183e-001
-1.452567726e-001
-1.269559264e-001
-1.204289198e-001
-1.250027418e-001
-1.335864663e-001
-1.389416605e-001
-1.377969235e-001
-1.326152682e-001
-1.285600513e-001
-1.258689463e-001
-1.225950271e-001
-1.163979620e-001
-1.019751579e-001
-7.985933125e-002
-5.753516406e-002
-3.907878324e-002
-2.540243603e-002
-1.679884270e-002
-1.013921667e-002
-2.049929462e-003
6.477252115e-003
1.490369998e-002
2.340546064e-002
2.837087959e-002
2.978200838e-002
3.486792371e-002
4.702251777e-002
6.354107708e-002
8.246766776e-002
1.010090783e-001
1.153553277e-001
1.256120354e-001
1.319288462e-001
1.314425617e-001
1.265320182e-001
1.285755038e-001
1.454598904e-001
1.777909845e-001
2.267120332e-001
2.845766842e-001
3.369340599e-001
3.759656847e-001
4.000405967e-001
4.128062725e-001
4.199898839e-001
4.362645745e-001
4.698270559e-001
5.180748105e-001
5.745686293e-001
6.289754510e-001
6.722306013e-001
7.052060366e-001
7.357453108e-001
7.655255795e-001
7.920923829e-001
8.188511729e-001
8.418865204e-001
8.557549715e-001
8.556977510e-001
8.316757083e-001
7.741777301e-001
6.893295050e-001
5.768114328e-001
4.861553311e-001
4.220930636e-001
3.834683299e-001
3.576237559e-001
3.111365438e-001
2.477878779e-001
1.785325408e-001
1.191522628e-001
8.729125559e-002
9.101901203e-002
7.745267451e-002
3.550091386e-002
-4.551768303e-002
-1.865675151e-001
-4.102599621e-001
-5.625618696e-001
-6.559877396e-001
-6.954993606e-001
-6.833771467e-001
-6.389461160e-001
-6.074716449e-001
-6.059729457e-001
-6.249745488e-001
-6.553460360e-001
-6.712365150e-001
-6.475286484e-001
-5.880816579e-001
-4.870798588e-001
-3.602632582e-001
-2.685077488e-001
-2.212117761e-001
-2.069204450e-001
-2.187845558e-001
-2.594262660e-001
-2.928652763e-001
-2.862299979e-001
-2.385837436e-001
-1.582030207e-001
-7.135863602e-002
-1.478992403e-002
2.922825515e-003
-2.812113985e-002
-9.071609378e-002
-1.446512043e-001
-1.656832546e-001
-1.416413486e-001
-7.506696880e-002
3.330186009e-003
5.143252015e-002
6.050232053e-002
2.843531221e-002
-4.292974621e-002
-1.426777542e-001
-2.254790813e-001
-2.705837488e-001
-2.594292462e-001
-2.089256495e-001
-1.631605029e-001
-1.541965902e-001
-1.785994470e-001
-2.458014786e-001
-3.518076241e-001
-4.530490637e-001
-5.117701292e-001
-5.354635715e-001
-5.252048373e-001
-4.945099354e-001
-4.562028348e-001
-4.240984023e-001
-4.158435464e-001
-4.279063642e-001
-4.382335246e-001
-4.295538366e-001
-3.998376727e-001
-3.453185856e-001
-2.746265233e-001
-2.099699080e-001
-1.769163609e-001
-1.680040061e-001
-1.838279665e-001
-2.155855298e-001
-2.408371717e-001
-2.451656461e-001
-2.328853309e-001
-2.101883590e-001
-1.822065562e-001
-1.611603796e-001
-1.439142227e-001
-1.261682212e-001
-1.130666584e-001
-1.014248282e-001
-9.122645855e-002
-8.464098722e-002
-7.857654989e-002
-6.955122948e-002
-5.161081254e-002
-2.442890033e-002
3.183558583e-003
1.598911732e-002
2.309747040e-003
-2.859416604e-002
-6.503784657e-002
-9.754978120e-002
-1.096424833e-001
-1.066764370e-001
-1.031352878e-001
-1.023937538e-001
-1.149704680e-001
-1.412920058e-001
-1.655196100e-001
-1.773741096e-001
-1.695481539e-001
-1.440173388e-001
-1.157795712e-001
-1.008175761e-001
-1.039245650e-001
-1.150057539e-001
-1.279598475e-001
-1.363856941e-001
-1.300844252e-001
-1.178717390e-001
-1.098730490e-001
-1.073187515e-001
-1.162078455e-001
-1.294742525e-001
-1.363011152e-001
-1.358599216e-001
-1.255323887e-001
-1.082633808e-001
-9.125366062e-002
-7.884274423e-002
-7.236479968e-002
-6.633275747e-002
-5.955189839e-002
-5.060050264e-002
-3.563381359e-002
-2.160090581e-002
-1.125322096e-002
-3.615994938e-003
-7.954454049e-004
4.897176288e-003
1.399351656e-002
2.172135748e-002
3.290478140e-002
4.653135687e-002
6.016070396e-002
7.602700591e-002
9.360964596e-002
1.130098104e-001
1.349837184e-001
1.643219888e-001
1.987737566e-001
2.333109677e-001
2.713951170e-001
3.092575669e-001
3.412803710e-001
3.695031404e-001
3.948297799e-001
4.178083837e-001
4.478447139e-001
4.874336421e-001
5.355853438e-001
5.892803669e-001
6.414652467e-001
6.859480739e-001
7.187178135e-001
7.476789951e-001
7.757835388e-001
7.993847132e-001
8.225329518e-001
8.444157839e-001
8.574104309e-001
8.547253013e-001
8.271604776e-001
7.709972858e-001
6.947767735e-001
6.097022891e-001
5.444572568e-001
4.940933585e-001
4.553171992e-001
4.111588001e-001
3.428556323e-001
2.702221870e-001
2.201486081e-001
1.815991104e-001
1.782493889e-001
1.848590076e-001
1.621910632e-001
9.824535996e-002
-1.260238886e-002
-1.877249479e-001
-3.820426464e-001
-5.035965443e-001
-5.672312975e-001
-5.845361948e-001
-5.682432652e-001
-5.478658676e-001
-5.512089729e-001
-5.700622797e-001
-5.902420878e-001
-6.038885117e-001
-5.938298106e-001
-5.524471402e-001
-4.803260267e-001
-3.814658523e-001
-2.885846496e-001
-2.320308238e-001
-2.040186524e-001
-1.963705570e-001
-2.097285092e-001
-2.315018326e-001
-2.340143621e-001
-2.039861232e-001
-1.420156956e-001
-6.257978827e-002
9.217992425e-003
4.364296049e-002
3.384891897e-002
-1.691012271e-002
-6.852804124e-002
-9.747676551e-002
-8.840664476e-002
-3.320853412e-002
4.492129013e-002
1.128417179e-001
1.403671205e-001
1.350166947e-001
9.285503626e-002
1.810727641e-002
-5.773248523e-002
-1.137287542e-001
-1.322489679e-001
-1.103833765e-001
-7.798287272e-002
-6.101249903e-002
-7.278855890e-002
-1.119907573e-001
-1.962381601e-001
-2.970651090e-001
-3.842509687e-001
-4.289894402e-001
-4.453911781e-001
-4.395381808e-001
-4.251282513e-001
-4.071575105e-001
-3.970475793e-001
-4.022011459e-001
-4.141857922e-001
-4.136631489e-001
-3.924336135e-001
-3.527585864e-001
-2.974433899e-001
-2.378368825e-001
-1.969257444e-001
-1.840272546e-001
-1.872124076e-001
-2.093990892e-001
-2.398765981e-001
-2.602964342e-001
-2.658617496e-001
-2.612450421e-001
-2.430467904e-001
-2.144677937e-001
-1.829378605e-001
-1.494790018e-001
-1.199087948e-001
-1.041333154e-001
-1.023065671e-001
-1.053872705e-001
-1.068296507e-001
-9.957882017e-002
-7.369379699e-002
-3.470326588e-002
4.264265299e-004
2.055800706e-002
1.737772673e-002
-1.009166613e-002
-5.016354099e-002
-8.530092239e-002
-1.020352542e-001
-1.028483137e-001
-9.635171294e-002
-8.898872137e-002
-9.039715677e-002
-1.026313826e-001
-1.203315556e-001
-1.398719847e-001
-1.526122093e-001
-1.522168815e-001
-1.420375407e-001
-1.266124547e-001
-1.102355719e-001
-9.768955410e-002
-9.217484295e-002
-9.131015837e-002
-9.073153138e-002
-9.128239006e-002
-9.046658874e-002
-8.529500663e-002
-7.880691439e-002
-6.929273158e-002
-5.817287788e-002
-5.264458060e-002
-5.025620386e-002
-4.646326974e-002
-4.207199067e-002
-3.790824860e-002
-3.352583945e-002
-2.717966214e-002
-2.054083161e-002
-1.447654236e-002
-5.680806935e-003
5.649383180e-003
1.809607260e-002
2.976054698e-002
3.821751475e-002
4.716682062e-002
5.759917200e-002
6.967720389e-002
8.798987418e-002
1.100454330e-001
1.298350245e-001
1.455444396e-001
1.564370394e-001
1.612017006e-001
1.624818593e-001
1.704620421e-001
1.855187863e-001
2.121931463e-001
2.535185516e-001
3.003900349e-001
3.375066519e-001
3.652260602e-001
3.853782713e-001
4.027911127e-001
4.223647714e-001
4.507208467e-001
4.924789667e-001
5.427511334e-001
5.971605182e-001
6.541886330e-001
7.023164034e-001
7.375882864e-001
7.660804391e-001
7.899127007e-001
8.124394417e-001
8.366297483e-001
8.631014824e-001
8.808535337e-001
8.730599284e-001
8.306866288e-001
7.498822808e-001
6.297997236e-001
5.250524282e-001
4.544464350e-001
4.112363458e-001
3.975964189e-001
3.811372519e-001
3.380440772e-001
2.900230885e-001
2.407836020e-001
1.995297372e-001
1.870358586e-001
1.725464910e-001
1.327241361e-001
4.049816728e-002
-9.565123916e-002
-3.111335039e-001
-4.965934157e-001
-6.056935787e-001
-6.622617841e-001
-6.764247417e-001
-6.573545337e-001
-6.421513557e-001
-6.476882696e-001
-6.613425016e-001
-6.781681776e-001
-6.835205555e-001
-6.648558378e-001
-6.235868335e-001
-5.562187433e-001
-4.873954058e-001
-4.282922149e-001
-3.987902403e-001
-3.935772777e-001
-3.937298059e-001
-4.030468166e-001
-4.032118917e-001
-3.777293265e-001
-3.322330713e-001
-2.603160441e-001
-1.864479184e-001
-1.425720751e-001
-1.260248423e-001
-1.449572295e-001
-1.837735325e-001
-2.040237784e-001
-1.915860772e-001
-1.400821656e-001
-6.155188009e-002
1.740066707e-002
7.457737625e-002
9.579646587e-002
9.167100489e-002
5.955472216e-002
-6.716735661e-004
-4.055260122e-002
-5.686204508e-002
-4.858974367e-002
-7.565811276e-003
1.845744252e-002
1.079924405e-002
-1.651829481e-002
-7.775358111e-002
-1.710172743e-001
-2.649880946e-001
-3.280474842e-001
-3.570136428e-001
-3.624483943e-001
-3.528698385e-001
-3.434897959e-001
-3.541527987e-001
-3.662802279e-001
-3.793163300e-001
-3.835277855e-001
-3.559734523e-001
-3.132249117e-001
-2.680299282e-001
-2.237031162e-001
-2.017388046e-001
-2.088417411e-001
-2.377773821e-001
-2.735514343e-001
-2.963993847e-001
-3.004032969e-001
-2.869776487e-001
-2.701138556e-001
-2.606810927e-001
-2.500071824e-001
-2.385337502e-001
-2.247238010e-001
-2.013045400e-001
-1.724260151e-001
-1.376875639e-001
-1.037976071e-001
-8.305995166e-002
-6.985571980e-002
-5.739868432e-002
-3.802931309e-002
-5.100063980e-003
3.075689450e-002
5.732860416e-002
6.973341852e-002
6.683119386e-002
5.369714648e-002
3.576469794e-002
1.821150631e-002
6.202987395e-003
3.853335977e-003
7.893566042e-003
8.793808520e-003
7.386086509e-003
9.176680818e-003
1.333942264e-002
2.161278948e-002
3.155551478e-002
3.408693150e-002
2.833159640e-002
2.114125527e-002
1.881676354e-002
2.633678168e-002
4.639184102e-002
7.255972922e-002
9.451690316e-002
1.070459336e-001
1.031710654e-001
8.436007798e-002
6.510029733e-002
5.232606083e-002
5.227724090e-002
7.001543790e-002
9.497807920e-002
1.169742644e-001
1.318227351e-001
1.369033605e-001
1.363297403e-001
1.366881579e-001
1.443202794e-001
1.592607200e-001
1.786230952e-001
2.027385235e-001
2.230074704e-001
2.361913919e-001
2.467603385e-001
2.449932396e-001
2.324983925e-001
2.258745581e-001
2.267835736e-001
2.344960421e-001
2.481341064e-001
2.608097494e-001
2.662645578e-001
2.641379833e-001
2.587173581e-001
2.547260821e-001
2.605386078e-001
2.867673635e-001
3.222070932e-001
3.540399373e-001
3.848776519e-001
4.041152596e-001
4.164522886e-001
4.350077510e-001
4.600003958e-001
4.969592690e-001
5.475361347e-001
5.984313488e-001
6.475211382e-001
6.933044195e-001
7.304630280e-001
7.638647556e-001
7.988765836e-001
8.306056857e-001
8.616137505e-001
8.874917030e-001
9.078826904e-001
9.150037766e-001
8.979202509e-001
8.494964242e-001
7.726819515e-001
6.810389757e-001
6.114186049e-001
5.534001589e-001
5.178153515e-001
4.942237735e-001
4.562444985e-001
4.162257314e-001
3.920257688e-001
3.871969581e-001
4.033814669e-001
3.995959163e-001
3.757175207e-001
3.114028275e-001
1.984419227e-001
3.973652050e-002
-1.628082693e-001
-3.016490936e-001
-3.809637129e-001
-4.272311926e-001
-4.497032762e-001
-4.636246264e-001
-4.877489507e-001
-5.188107491e-001
-5.433962345e-001
-5.502896309e-001
-5.359359384e-001
-5.031144619e-001
-4.512714446e-001
-4.048492312e-001
-3.705642819e-001
-3.493113816e-001
-3.473189771e-001
-3.511963189e-001
-3.553138673e-001
-3.669974208e-001
-3.685606718e-001
-3.523482680e-001
-3.212638497e-001
-2.719879746e-001
-2.203335166e-001
-1.810961962e-001
-1.690984815e-001
-1.849954873e-001
-2.038750947e-001
-2.096297741e-001
-1.937917620e-001
-1.483082473e-001
