0
0
0
0
0
0
0
0
0
0
0
0
0
0
0
0
0
0
0
0
0
0
0
0
0
0
0
0
0
0
0
0
0
0
0
0
0
0
0
0
0
0
0
0
0
0
0
0
0
0
0
0
0
0
0
0
0
0
0
0
0
0
0
0
0
0
0
0
0
0
0
0
0
0
0
0
0
0
0
0
0
0
0
0
0
0
0
0
0
0
0
0
0
0
0
0
266
438
828
1318
1721
1980
2093
2082
2086
2086
2014
1857
1460
953
749
1029
1712
2593
3481
4117
4430
4687
4947
5355
6208
7316
8547
9821
10804
11570
12377
13325
14521
15932
17316
18054
17415
14989
11057
7015
4072
2474
2201
2439
2197
1481
562
103
1078
3409
5823
6686
4883
219
-6043
-11478
-14690
-15432
-13921
-11688
-10281
-10102
-11059
-12283
-12603
-11486
-9053
-5806
-2267
697
2335
2677
1796
172
-1237
-1935
-1597
-327
1279
2616
2837
1691
-211
-2128
-3149
-2770
-1200
935
2703
3406
2533
151
-2694
-5044
-6039
-5106
-2952
-743
558
205
-1896
-5132
-8335
-10598
-11568
-11088
-9786
-8545
-7591
-7003
-6633
-6056
-5012
-3522
-1816
-35
1448
2169
2357
2156
1419
482
-350
-1030
-1347
-1140
-566
124
846
1338
1258
730
-31
-703
-761
-177
720
1585
1971
1654
758
-399
-1389
-1902
-1961
-1848
-1784
-1981
-2461
-2809
-2831
-2604
-2092
-1560
-1314
-1238
-1188
-1171
-1131
-979
-866
-931
-1035
-1097
-1023
-689
-226
271
622
599
302
-128
-524
-720
-727
-439
105
582
787
728
582
427
395
685
1050
1206
1107
772
536
646
1140
2006
2874
3581
4191
4538
4711
4930
5341
6158
7360
8606
9532
10310
11261
12194
13203
14481
15760
17023
17869
17216
14726
11076
7364
4511
2896
2213
1593
736
-26
-490
-68
1771
4443
6534
6487
3484
-2022
-8273
-13049
-15360
-15295
-13506
-11576
-10736
-11022
-12014
-12899
-12738
-11183
-8580
-5443
-2215
349
1723
2015
1341
169
-680
-742
99
1492
2788
3338
2574
699
-1451
-3054
-3286
-1888
514
3016
4806
5118
3602
936
-1844
-3979
-4544
-3366
-1535
35
717
-158
-2453
-5393
-8246
-10218
-10702
-10015
-8912
-7709
-6782
-6457
-6272
-5804
-4969
-3478
-1440
471
1782
2278
1811
596
-782
-1958
-2762
-2974
-2726
-2276
-1637
-980
-514
-225
-127
-256
-470
-537
-331
181
897
1442
1464
892
-179
-1389
-2312
-2793
-2848
-2652
-2502
-2638
-3068
-3462
-3437
-2909
-2086
-1273
-712
-562
-801
-1195
-1504
-1618
-1615
-1662
-1765
-1858
-1862
-1601
-1090
-572
-179
60
136
152
219
305
392
484
460
316
285
474
789
1159
1485
1636
1611
1411
939
270
-227
-227
344
1409
2721
3813
4435
4682
4579
4282
4277
4842
5904
7264
8595
9610
10344
11059
11906
12898
14036
15149
15992
16348
15749
13747
10622
7455
5127
3744
3262
3260
2763
1767
1048
849
1557
3497
5586
6200
4445
-43
-6390
-12023
-15192
-16003
-14574
-11817
-9902
-9603
-10426
-11932
-12898
-12137
-9819
-6508
-2735
362
1781
1621
224
-1972
-3738
-4192
-3324
-1368
865
2352
2435
899
-1449
-3428
-4285
-3488
-1251
1462
3685
4582
3651
1227
-1597
-3831
-4800
-3902
-1699
351
1453
1042
-1137
-4339
-7599
-9991
-10807
-10114
-8524
-6882
-5819
-5579
-6046
-6494
-6352
-5548
-3967
-1879
14
1030
844
-211
-1647
-2908
-3472
-3473
-3107
-2538
-2165
-1885
-1560
-1362
-1187
-1034
-972
-896
-690
-159
705
1608
2045
1629
662
-473
-1465
-1773
-1575
-1350
-1213
-1514
-2271
-2967
-3266
-2928
-2018
-1029
-487
-552
-895
-1317
-1608
-1432
-1077
-874
-862
-1237
-1766
-2093
-2190
-1970
-1529
-1103
-834
-765
-715
-645
-509
-182
105
259
310
186
136
173
134
171
246
275
328
386
450
541
815
1320
1868
2490
3069
3425
3766
4047
4241
4663
5405
6446
7698
8940
9977
10683
11323
12111
12920
13845
14859
15613
15794
14972
12970
10374
8111
6577
5604
5078
4436
3055
1669
1153
1559
3127
5473
7028
6555
3618
-1544
-7308
-11439
-13186
-12985
-11381
-9762
-9431
-10000
-10798
-11448
-11136
-9495
-6949
-4021
-1347
383
913
447
-743
-2176
-3046
-2824
-1518
409
2143
2827
1909
-168
-2198
-3406
-3285
-1566
993
3346
4895
5018
3518
1240
-847
-2237
-2357
-1119
489
1633
1977
1031
-1212
-4030
-6599
-8228
-8592
-7968
-7003
-6194
-5772
-5892
-6277
-6291
-5662
-4460
-2773
-970
240
494
21
-1013
-2364
-3407
-3961
-4171
-3920
-3310
-2583
-1773
-1072
-804
-972
-1277
-1501
-1410
-677
516
1610
2236
2118
1222
-70
-1184
-1679
-1638
-1347
-1022
-984
-1305
-1813
-2391
-2756
-2701
-2337
-1814
-1275
-879
-732
-756
-807
-911
-984
-926
-835
-653
-425
-386
-455
-483
-496
-520
-539
-494
-439
-403
-279
-76
157
356
440
528
648
799
1124
1535
1832
1953
1871
1541
1046
726
761
1129
1932
2877
3468
3763
3915
3962
4069
4461
5301
6440
7745
9176
10362
11179
11913
12660
13473
14503
15789
16823
16821
15361
12260
8426
5549
3872
3169
3506
3814
3410
2927
2740
3149
4691
6854
7778
6167
2044
-4085
-10150
-13778
-15089
-14571
-12675
-11246
-10951
-11196
-11745
-11905
-11083
-9434
-7414
-5416
-3799
-3205
-3448
-3896
-4665
-5147
-4795
-3886
-2198
-424
343
145
-1164
-3069
-4306
-4407
-3156
-941
1372
3204
4020
3773
2467
597
-544
-852
-298
1381
2791
3091
2507
745
-1866
-4506
-6438
-7128
-6752
-5789
-5170
-5319
-5567
-5877
-5931
-4976
-3554
-2081
-664
-7
-329
-1392
-2703
-3649
-4051
-3914
-3683
-3708
-3699
-3668
-3563
-3145
-2551
-1766
-1006
-670
-568
-472
-127
686
1617
2264
2466
2187
1596
872
185
-297
-443
-364
-376
-455
-423
-309
-57
251
314
100
-170
-292
-104
481
1252
1871
2168
1915
1160
379
-199
-368
40
680
1219
1522
1505
1305
1140
1219
1544
2021
2661
3181
3473
3682
3486
2932
2557
2408
2486
2807
3071
3069
2784
2349
1913
1748
2202
2910
3456
3942
4141
4090
4222
