-2.127184759e-05
-5.620238035e-05
-1.229102632e-04
-2.301908764e-04
-3.723835346e-04
-5.396202274e-04
-7.212756183e-04
-9.066992715e-04
-1.093443675e-03
-1.273633553e-03
-1.429740553e-03
-1.538820717e-03
-1.560957692e-03
-1.462204867e-03
-1.237128327e-03
-8.908250375e-04
-4.202103618e-04
1.929933938e-04
9.786968960e-04
1.982504180e-03
3.250250534e-03
4.801734308e-03
6.648693999e-03
8.788411340e-03
1.119201788e-02
1.384377243e-02
1.673588974e-02
1.986494071e-02
2.325362531e-02
2.692001801e-02
3.086612159e-02
3.509355007e-02
4.770466524e-02
5.776160636e-02
7.481450576e-02
9.537458699e-02
1.139210568e-01
1.289464459e-01
1.406174968e-01
1.497433308e-01
1.606261881e-01
1.727445644e-01
1.840849866e-01
1.943619775e-01
1.959011496e-01
1.934844846e-01
2.019303728e-01
2.267361915e-01
2.652715411e-01
3.110702529e-01
3.575471331e-01
3.923782011e-01
4.178414314e-01
4.419824896e-01
4.664210188e-01
4.952706367e-01
5.372116413e-01
5.860641720e-01
6.374315004e-01
6.885820245e-01
7.291188839e-01
7.611157422e-01
7.875528749e-01
8.128219214e-01
8.403048605e-01
8.690675473e-01
8.937479497e-01
9.010292732e-01
8.752739333e-01
8.077827108e-01
7.046949831e-01
5.673223927e-01
4.569904523e-01
3.854800610e-01
3.523106516e-01
3.330007151e-01
2.948708616e-01
2.395626453e-01
1.622639802e-01
9.458050409e-02
7.070744809e-02
8.726210789e-02
8.103510903e-02
4.758831892e-02
-3.342360514e-02
-1.750134518e-01
-3.960067806e-01
-5.448360408e-01
-6.373174749e-01
-6.733168687e-01
-6.572619635e-01
-6.217104261e-01
-5.996959015e-01
-5.999037463e-01
-6.201823735e-01
-6.421925377e-01
-6.419847409e-01
-6.084482199e-01
-5.444253989e-01
-4.420581801e-01
-3.208753683e-01
-2.286561570e-01
-1.753448725e-01
-1.456041163e-01
-1.378563531e-01
-1.519408231e-01
-1.707317487e-01
-1.692292043e-01
-1.380954691e-01
-8.087501881e-02
-1.606526402e-02
3.499135208e-02
5.080940973e-02
2.595408125e-02
-2.833731537e-02
-8.603539222e-02
-1.193340209e-01
-1.128465918e-01
-7.293653417e-02
-1.857741909e-02
1.676624088e-02
1.471402006e-02
-2.271841998e-02
-1.053935196e-01
-2.106446101e-01
-3.012494455e-01
-3.493862696e-01
-3.398927048e-01
-2.906245290e-01
-2.342974249e-01
-2.128588584e-01
-2.314065488e-01
-2.967237998e-01
-4.018428118e-01
-4.967894642e-01
-5.490211434e-01
-5.716676453e-01
-5.613639041e-01
-5.315157088e-01
-5.009755072e-01
-4.746024261e-01
-4.519728984e-01
-4.326671016e-01
-4.057502057e-01
-3.634933346e-01
-3.067731675e-01
-2.398970020e-01
-1.670119535e-01
-1.064383109e-01
-6.913785946e-02
-4.365381737e-02
-2.718185087e-02
-2.885830239e-02
-4.107734895e-02
-5.147935543e-02
-5.888801803e-02
-5.709621425e-02
-4.130351129e-02
-1.630095288e-02
1.035261133e-02
3.629083873e-02
5.371621409e-02
5.232593260e-02
3.597579678e-02
1.124821519e-02
-1.202362120e-02
-1.776258978e-02
-4.960110751e-03
1.657776897e-02
3.659095823e-02
4.170539895e-02
2.528234808e-02
-8.791102814e-03
-5.074603938e-02
-8.746895124e-02
-1.094478479e-01
-1.172953708e-01
-1.194822083e-01
-1.226098774e-01
-1.330296184e-01
-1.513282848e-01
-1.648075175e-01
-1.675655888e-01
-1.619754282e-01
-1.469484298e-01
-1.305843228e-01
-1.222238492e-01
-1.183351381e-01
-1.145724673e-01
-1.112107305e-01
-1.066024362e-01
-9.811099472e-02
-9.041263633e-02
-8.781235874e-02
-8.616182940e-02
-8.309231209e-02
-7.583087207e-02
-6.068241961e-02
-4.170330769e-02
-2.181199572e-02
-6.496628920e-03
-2.688532735e-03
-7.295675364e-03
-1.600778197e-02
-2.374958332e-02
-2.543775127e-02
-2.135835450e-02
-8.200752787e-03
1.298020575e-02
3.247806095e-02
4.420387464e-02
4.864155499e-02
5.144583322e-02
5.520463418e-02
6.410893874e-02
8.434489707e-02
1.084644065e-01
1.279110293e-01
1.414135487e-01
1.496473181e-01
1.623207476e-01
1.819073344e-01
2.148030452e-01
2.604484703e-01
3.073594599e-01
3.504042571e-01
3.863396172e-01
4.138744519e-01
4.364278677e-01
4.604800053e-01
4.901478407e-01
5.315712687e-01
5.837298334e-01
6.358732216e-01
6.766213482e-01
7.110113322e-01
7.486430146e-01
7.793822607e-01
8.056463622e-01
8.344366803e-01
8.598178840e-01
8.812771411e-01
8.901618224e-01
8.633416168e-01
7.936583634e-01
6.957093489e-01
5.698175895e-01
4.614346404e-01
3.885547824e-01
3.420815670e-01
2.943963546e-01
2.351592731e-01
1.738452468e-01
1.053956635e-01
6.339346850e-02
6.487931459e-02
7.778843976e-02
6.398232282e-02
1.564914242e-02
-9.116046494e-02
-2.672716566e-01
-4.723149614e-01
-6.013305563e-01
-6.740207540e-01
-6.920088522e-01
-6.689995163e-01
-6.386862934e-01
-6.273746504e-01
-6.348959748e-01
-6.536904998e-01
-6.668716386e-01
-6.546726121e-01
-6.099302642e-01
-5.403195477e-01
-4.342414757e-01
-3.208396417e-01
-2.357900789e-01
-1.852230994e-01
-1.533836367e-01
-1.381887827e-01
-1.394776912e-01
-1.378701044e-01
-1.139247818e-01
-6.451963369e-02
-7.177955964e-04
5.534010682e-02
8.468451721e-02
7.886882991e-02
3.094749988e-02
-2.853572162e-02
-7.449692915e-02
-8.182074417e-02
-4.263002575e-02
2.403758673e-02
9.050946084e-02
1.151218222e-01
1.057322417e-01
5.535703456e-02
-3.243485317e-02
-1.355877209e-01
-2.198313310e-01
-2.566996558e-01
-2.406173317e-01
-2.044555723e-01
-1.756585113e-01
-1.740043836e-01
-2.075942046e-01
-2.869120550e-01
-3.846759007e-01
-4.669393035e-01
-5.154873411e-01
-5.305264108e-01
-5.187908045e-01
-4.963764545e-01
-4.700154795e-01
-4.438255656e-01
-4.303972682e-01
-4.198797624e-01
-3.995145528e-01
-3.669206486e-01
-3.134955808e-01
-2.426213318e-01
-1.724781780e-01
-1.296687689e-01
-1.023377313e-01
-9.561823956e-02
-1.108304551e-01
-1.388387300e-01
-1.614316460e-01
-1.736743567e-01
-1.690951565e-01
-1.518804283e-01
-1.299706727e-01
-1.037667060e-01
-7.839106616e-02
-6.006939480e-02
-4.826572107e-02
-4.334034532e-02
-4.635689855e-02
-5.299814144e-02
-5.620353865e-02
-5.208795116e-02
-3.953527963e-02
-2.148375921e-02
-9.153555430e-03
-1.309093381e-02
-3.534163365e-02
-7.292154506e-02
-1.147910491e-01
-1.479229164e-01
-1.675186488e-01
-1.739511853e-01
-1.724346580e-01
-1.718964950e-01
-1.795390566e-01
-1.955344236e-01
-2.097825492e-01
-2.105855047e-01
-1.953803273e-01
-1.705116139e-01
-1.452567947e-01
-1.269558987e-01
-1.204289290e-01
-1.250027394e-01
-1.335864560e-01
-1.389416437e-01
-1.377969239e-01
-1.326152779e-01
-1.285600458e-01
-1.258689615e-01
-1.225950124e-01
-1.163979720e-01
-1.019751542e-01
-7.985932283e-02
-5.753516791e-02
-3.907878506e-02
-2.540243626e-02
-1.679883530e-02
-1.013921929e-02
-2.049930997e-03
6.477250567e-03
1.490370053e-02
2.340546209e-02
2.837087171e-02
2.978199512e-02
3.486793217e-02
4.702252681e-02
6.354109889e-02
8.246765221e-02
1.010090544e-01
1.153553421e-01
1.256120230e-01
1.319288697e-01
1.314425709e-01
1.265320284e-01
1.285754951e-01
1.454598697e-01
1.777910127e-01
2.267120373e-01
2.845766857e-01
3.369340601e-01
3.759656678e-01
4.000405937e-01
4.128062993e-01
4.199899031e-01
4.362646313e-01
4.698270216e-01
5.180747306e-01
5.745685495e-01
6.289753795e-01
6.722306683e-01
7.052060235e-01
7.357453101e-01
7.655255950e-01
7.920923855e-01
8.188512649e-01
8.418864933e-01
8.557548630e-01
8.556977053e-01
8.316757306e-01
7.741776687e-01
6.893294807e-01
5.768114578e-01
4.861552619e-01
4.220930307e-01
3.834682874e-01
3.576237388e-01
3.111365729e-01
2.477878365e-01
1.785325397e-01
1.191522689e-01
8.729125512e-02
9.101897985e-02
7.745260800e-02
3.550088936e-02
-4.551766230e-02
-1.865675440e-01
-4.102599285e-01
-5.625619694e-01
-6.559877890e-01
-6.954993160e-01
-6.833771976e-01
-6.389461570e-01
-6.074716850e-01
-6.059730279e-01
-6.249746120e-01
-6.553460602e-01
-6.712364952e-01
-6.475285899e-01
-5.880817180e-01
-4.870798639e-01
-3.602632913e-01
-2.685078077e-01
-2.212117853e-01
-2.069204496e-01
-2.187845484e-01
-2.594262742e-01
-2.928652583e-01
-2.862299795e-01
-2.385837381e-01
-1.582030520e-01
-7.135865760e-02
-1.478993744e-02
2.922840786e-03
-2.812114162e-02
-9.071610115e-02
-1.446512025e-01
-1.656832306e-01
-1.416413520e-01
-7.506697470e-02
3.330159251e-03
5.143251632e-02
6.050228293e-02
2.843529254e-02
-4.292975056e-02
-1.426777578e-01
-2.254790995e-01
-2.705837841e-01
-2.594292301e-01
-2.089256707e-01
-1.631604914e-01
-1.541966204e-01
-1.785994378e-01
-2.458014838e-01
-3.518075767e-01
-4.530490759e-01
-5.117701323e-01
-5.354635144e-01
-5.252048569e-01
-4.945099572e-01
-4.562028074e-01
-4.240983789e-01
-4.158435125e-01
-4.279063249e-01
-4.382335359e-01
-4.295539199e-01
-3.998376504e-01
-3.453186260e-01
-2.746265496e-01
-2.099699319e-01
-1.769163377e-01
-1.680040017e-01
-1.838279599e-01
-2.155855394e-01
-2.408372060e-01
-2.451656640e-01
-2.328853133e-01
-2.101883470e-01
-1.822065479e-01
-1.611603497e-01
-1.439142145e-01
-1.261682258e-01
-1.130666477e-01
-1.014248292e-01
-9.122644972e-02
-8.464099591e-02
-7.857654574e-02
-6.955122425e-02
-5.161080423e-02
-2.442891243e-02
3.183552958e-03
1.598910227e-02
2.309774786e-03
-2.859417256e-02
-6.503784192e-02
-9.754977607e-02
-1.096424830e-01
-1.066764402e-01
-1.031352893e-01
-1.023937504e-01
-1.149704601e-01
-1.412920198e-01
-1.655196061e-01
-1.773741357e-01
-1.695481557e-01
-1.440173199e-01
-1.157795850e-01
-1.008175845e-01
-1.039245729e-01
-1.150057326e-01
-1.279598504e-01
-1.363856976e-01
-1.300844351e-01
-1.178717482e-01
-1.098730525e-01
-1.073187459e-01
-1.162078488e-01
-1.294742528e-01
-1.363011163e-01
-1.358599073e-01
-1.255323948e-01
-1.082633909e-01
-9.125366830e-02
-7.884275017e-02
-7.236480490e-02
-6.633275378e-02
-5.955189146e-02
-5.060050184e-02
-3.563382042e-02
-2.160090540e-02
-1.125321836e-02
-3.615989564e-03
-7.954327232e-04
4.897165376e-03
1.399351478e-02
2.172135140e-02
3.290476602e-02
4.653134773e-02
6.016070671e-02
7.602704716e-02
9.360967179e-02
1.130098409e-01
1.349836773e-01
1.643219700e-01
1.987737643e-01
2.333109582e-01
2.713951199e-01
3.092576500e-01
3.412802892e-01
3.695031313e-01
3.948297395e-01
4.178084462e-01
4.478447224e-01
4.874336533e-01
5.355853779e-01
5.892803771e-01
6.414652360e-01
6.859479752e-01
7.187178836e-01
7.476790357e-01
7.757834819e-01
7.993846088e-01
8.225329351e-01
8.444157873e-01
8.574103150e-01
8.547252717e-01
8.271604256e-01
7.709971991e-01
6.947768534e-01
6.097022439e-01
5.444572758e-01
4.940933093e-01
4.553172463e-01
4.111587872e-01
3.428556024e-01
2.702221616e-01
2.201485937e-01
1.815991170e-01
1.782493854e-01
1.848589891e-01
1.621910639e-01
9.824535908e-02
-1.260241686e-02
-1.877250022e-01
-3.820426719e-01
-5.035965042e-01
-5.672313050e-01
-5.845362365e-01
-5.682432725e-01
-5.478658168e-01
-5.512089505e-01
-5.700623009e-01
-5.902420864e-01
-6.038885703e-01
-5.938298641e-01
-5.524471191e-01
-4.803260828e-01
-3.814658464e-01
-2.885846688e-01
-2.320308237e-01
-2.040186618e-01
-1.963705532e-01
-2.097284910e-01
-2.315018042e-01
-2.340143502e-01
-2.039861189e-01
-1.420156923e-01
-6.257979449e-02
9.218009179e-03
4.364295700e-02
3.384892924e-02
-1.691012012e-02
-6.852802560e-02
-9.747676012e-02
-8.840663876e-02
-3.320850186e-02
4.492128439e-02
1.128416847e-01
1.403671385e-01
1.350167000e-01
9.285504100e-02
1.810728924e-02
-5.773249837e-02
-1.137287515e-01
-1.322489852e-01
-1.103833731e-01
-7.798288025e-02
-6.101251550e-02
-7.278853218e-02
-1.119907902e-01
-1.962382304e-01
-2.970650684e-01
-3.842509395e-01
-4.289894649e-01
-4.453912220e-01
-4.395381671e-01
-4.251282295e-01
-4.071575614e-01
-3.970475895e-01
-4.022011499e-01
-4.141857875e-01
-4.136631815e-01
-3.924335927e-01
-3.527586004e-01
-2.974433955e-01
-2.378368861e-01
-1.969257582e-01
-1.840272889e-01
-1.872124141e-01
-2.093990435e-01
-2.398766173e-01
-2.602964300e-01
-2.658617424e-01
-2.612450240e-01
-2.430468369e-01
-2.144677768e-01
-1.829378523e-01
-1.494790080e-01
-1.199087934e-01
-1.041333066e-01
-1.023065726e-01
-1.053872711e-01
-1.068296538e-01
-9.957882579e-02
-7.369379458e-02
-3.470326367e-02
4.264420025e-04
2.055801574e-02
1.737772108e-02
-1.009167424e-02
-5.016355276e-02
-8.530094288e-02
-1.020352431e-01
-1.028483206e-01
-9.635170430e-02
-8.898871406e-02
-9.039716501e-02
-1.026313911e-01
-1.203315570e-01
-1.398719993e-01
-1.526122074e-01
-1.522168722e-01
-1.420375233e-01
-1.266124462e-01
-1.102355745e-01
-9.768954268e-02
-9.217484573e-02
-9.131014857e-02
-9.073151273e-02
-9.128239588e-02
-9.046658597e-02
-8.529499984e-02
-7.880690971e-02
-6.929274157e-02
-5.817287866e-02
-5.264457438e-02
-5.025620957e-02
-4.646327232e-02
-4.207198263e-02
-3.790824697e-02
-3.352583573e-02
-2.717966539e-02
-2.054082794e-02
-1.447654168e-02
-5.680793840e-03
5.649377682e-03
1.809607799e-02
2.976056428e-02
3.821751387e-02
4.716680976e-02
5.759916335e-02
6.967720305e-02
8.798985466e-02
1.100454502e-01
1.298350239e-01
1.455444247e-01
1.564370433e-01
1.612017111e-01
1.624818277e-01
1.704620521e-01
1.855188004e-01
2.121931676e-01
2.535185970e-01
3.003899818e-01
3.375066543e-01
3.652260535e-01
3.853782883e-01
4.027911328e-01
4.223647601e-01
4.507208871e-01
4.924790240e-01
5.427511319e-01
5.971605050e-01
6.541886064e-01
7.023163558e-01
7.375881942e-01
7.660804541e-01
7.899126390e-01
8.124394494e-01
8.366297420e-01
8.631014958e-01
8.808534326e-01
8.730599381e-01
8.306866101e-01
7.498822958e-01
6.297995682e-01
5.250524306e-01
4.544464106e-01
4.112363864e-01
3.975964019e-01
3.811372326e-01
3.380440610e-01
2.900230754e-01
2.407835585e-01
1.995297453e-01
1.870359060e-01
1.725464920e-01
1.327240957e-01
4.049816584e-02
-9.565125912e-02
-3.111335342e-01
-4.965934014e-01
-6.056936445e-01
-6.622618060e-01
-6.764247980e-01
-6.573545111e-01
-6.421513939e-01
-6.476881692e-01
-6.613424537e-01
-6.781680826e-01
-6.835206397e-01
-6.648558014e-01
-6.235868612e-01
-5.562187206e-01
-4.873954370e-01
-4.282921862e-01
-3.987902668e-01
-3.935772891e-01
-3.937298062e-01
-4.030467700e-01
-4.032118760e-01
-3.777293076e-01
-3.322330569e-01
-2.603160503e-01
-1.864478938e-01
-1.425720960e-01
-1.260247899e-01
-1.449572136e-01
-1.837735608e-01
-2.040237544e-01
-1.915860668e-01
-1.400821551e-01
-6.155187050e-02
1.740068890e-02
7.457737495e-02
9.579647470e-02
9.167098980e-02
5.955472775e-02
-6.716934220e-04
-4.055259601e-02
-5.686204579e-02
-4.858975327e-02
-7.565820796e-03
1.845744179e-02
1.079925896e-02
-1.651827576e-02
-7.775358164e-02
-1.710172838e-01
-2.649881098e-01
-3.280474660e-01
-3.570135937e-01
-3.624484231e-01
-3.528698097e-01
-3.434897758e-01
-3.541527583e-01
-3.662802097e-01
-3.793163152e-01
-3.835277162e-01
-3.559734707e-01
-3.132249462e-01
-2.680299606e-01
-2.237031197e-01
-2.017388270e-01
-2.088417466e-01
-2.377773773e-01
-2.735514339e-01
-2.963993593e-01
-3.004033367e-01
-2.869776015e-01
-2.701137990e-01
-2.606810688e-01
-2.500071614e-01
-2.385337069e-01
-2.247238411e-01
-2.013045253e-01
-1.724260185e-01
-1.376875771e-01
-1.037976182e-01
-8.305995466e-02
-6.985573141e-02
-5.739868221e-02
-3.802930835e-02
-5.100058946e-03
3.075689615e-02
5.732862257e-02
6.973342529e-02
6.683118932e-02
5.369716357e-02
3.576469948e-02
1.821150729e-02
6.202985644e-03
3.853335509e-03
7.893566705e-03
8.793805020e-03
7.386080077e-03
9.176669869e-03
1.333941729e-02
2.161279330e-02
3.155551928e-02
3.408693750e-02
2.833160037e-02
2.114125527e-02
1.881676174e-02
2.633678244e-02
4.639184992e-02
7.255971926e-02
9.451689909e-02
1.070459256e-01
1.031710566e-01
8.436008343e-02
6.510029649e-02
5.232608907e-02
5.227722675e-02
7.001542209e-02
9.497808010e-02
1.169742681e-01
1.318227373e-01
1.369033507e-01
1.363297372e-01
1.366881659e-01
1.443202938e-01
1.592607128e-01
1.786231061e-01
2.027385085e-01
2.230074971e-01
2.361913912e-01
2.467603379e-01
2.449932384e-01
2.324984037e-01
2.258745637e-01
2.267835798e-01
2.344960380e-01
2.481341294e-01
2.608097309e-01
2.662645431e-01
2.641379729e-01
2.587173292e-01
2.547261248e-01
2.605386282e-01
2.867673623e-01
3.222071077e-01
3.540399268e-01
3.848776991e-01
4.041152900e-01
4.164522835e-01
4.350077836e-01
4.600003830e-01
4.969593065e-01
5.475361449e-01
5.984313604e-01
6.475210710e-01
6.933043629e-01
7.304628904e-01
7.638647328e-01
7.988764793e-01
8.306055911e-01
8.616137611e-01
8.874917005e-01
9.078827324e-01
9.150037848e-01
8.979202680e-01
8.494963846e-01
7.726819968e-01
6.810388950e-01
6.114185282e-01
5.534001367e-01
5.178153942e-01
4.942237616e-01
4.562444103e-01
4.162257036e-01
3.920257340e-01
3.871969841e-01
4.033814757e-01
3.995958981e-01
3.757174709e-01
3.114028468e-01
1.984419385e-01
3.973652742e-02
-1.628082886e-01
-3.016490880e-01
-3.809636989e-01
-4.272312134e-01
-4.497033057e-01
-4.636246067e-01
-4.877489493e-01
-5.188107866e-01
-5.433962380e-01
-5.502895508e-01
-5.359359430e-01
-5.031144188e-01
-4.512714737e-01
-4.048492545e-01
-3.705643130e-01
-3.493113768e-01
-3.473189423e-01
-3.511962878e-01
-3.553138839e-01
-3.669974115e-01
-3.685606469e-01
-3.523483334e-01
-3.212638677e-01
-2.719879941e-01
-2.203335173e-01
-1.810962126e-01
-1.690984760e-01
-1.849954992e-01
-2.038750946e-01
-2.096297991e-01
-1.937917530e-01
-1.483082046e-01
