-2.127184780e-005
-5.620238517e-005
-1.229102490e-004
-2.301908971e-004
-3.723835107e-004
-5.396202905e-004
-7.212755154e-004
-9.066991042e-004
-1.093443600e-003
-1.273633447e-003
-1.429740340e-003
-1.538820565e-003
-1.560957404e-003
-1.462205080e-003
-1.237128279e-003
-8.908252348e-004
-4.202105338e-004
1.929933205e-004
9.786970913e-004
1.982503571e-003
3.250251291e-003
4.801733419e-003
6.648695562e-003
8.788412437e-003
1.119201817e-002
1.384377386e-002
1.673588715e-002
1.986493915e-002
2.325362712e-002
2.692002058e-002
3.086612374e-002
3.509354964e-002
4.770465940e-002
5.776160210e-002
7.481450588e-002
9.537458420e-002
1.139210612e-001
1.289464533e-001
1.406175047e-001
1.497433335e-001
1.606261730e-001
1.727445573e-001
1.840849817e-001
1.943619698e-001
1.959011406e-001
1.934844851e-001
2.019303888e-001
2.267361730e-001
2.652715445e-001
3.110702336e-001
3.575471342e-001
3.923782408e-001
4.178414643e-001
4.419824779e-001
4.664210677e-001
4.952706397e-001
5.372116566e-001
5.860641599e-001
6.374315023e-001
6.885820627e-001
7.291189432e-001
7.611157298e-001
7.875528932e-001
8.128218651e-001
8.403048515e-001
8.690675497e-001
8.937479258e-001
9.010292292e-001
8.752739429e-001
8.077827692e-001
7.046949863e-001
5.673223734e-001
4.569904804e-001
3.854800463e-001
3.523106575e-001
3.330007195e-001
2.948708534e-001
2.395626605e-001
1.622639894e-001
9.458050132e-002
7.070744783e-002
8.726212382e-002
8.103512228e-002
4.758831859e-002
-3.342360258e-002
-1.750134528e-001
-3.960067630e-001
-5.448360443e-001
-6.373174787e-001
-6.733168960e-001
-6.572619677e-001
-6.217104197e-001
-5.996959209e-001
-5.999037027e-001
-6.201823950e-001
-6.421924829e-001
-6.419847012e-001
-6.084482074e-001
-5.444253683e-001
-4.420581758e-001
-3.208753765e-001
-2.286561579e-001
-1.753448546e-001
-1.456041336e-001
-1.378563195e-001
-1.519408077e-001
-1.707317531e-001
-1.692291945e-001
-1.380954683e-001
-8.087502420e-002
-1.606526226e-002
3.499136120e-002
5.080941319e-002
2.595408633e-002
-2.833731286e-002
-8.603538573e-002
-1.193340272e-001
-1.128465980e-001
-7.293654233e-002
-1.857741177e-002
1.676624268e-002
1.471401751e-002
-2.271842957e-002
-1.053935066e-001
-2.106446177e-001
-3.012494445e-001
-3.493862748e-001
-3.398927450e-001
-2.906244993e-001
-2.342974246e-001
-2.128588557e-001
-2.314065695e-001
-2.967237830e-001
-4.018428326e-001
-4.967894554e-001
-5.490211248e-001
-5.716676712e-001
-5.613638759e-001
-5.315157175e-001
-5.009754896e-001
-4.746024609e-001
-4.519729018e-001
-4.326671362e-001
-4.057502151e-001
-3.634933233e-001
-3.067731559e-001
-2.398970276e-001
-1.670119464e-001
-1.064382941e-001
-6.913786381e-002
-4.365380108e-002
-2.718184143e-002
-2.885830402e-002
-4.107734561e-002
-5.147934705e-002
-5.888801068e-002
-5.709622055e-002
-4.130350798e-002
-1.630095579e-002
1.035260875e-002
3.629084304e-002
5.371621624e-002
5.232593045e-002
3.597579896e-002
1.124821324e-002
-1.202362217e-002
-1.776259579e-002
-4.960111342e-003
1.657777093e-002
3.659096360e-002
4.170539230e-002
2.528234571e-002
-8.791107684e-003
-5.074603856e-002
-8.746893704e-002
-1.094478518e-001
-1.172953695e-001
-1.194822043e-001
-1.226098761e-001
-1.330296099e-001
-1.513282955e-001
-1.648075134e-001
-1.675656140e-001
-1.619754434e-001
-1.469484419e-001
-1.305843294e-001
-1.222238392e-001
-1.183351353e-001
-1.145724729e-001
-1.112107188e-001
-1.066024378e-001
-9.811099619e-002
-9.041263163e-002
-8.781236410e-002
-8.616182953e-002
-8.309230953e-002
-7.583086938e-002
-6.068241969e-002
-4.170330614e-002
-2.181199566e-002
-6.496626884e-003
-2.688532695e-003
-7.295675576e-003
-1.600778475e-002
-2.374958247e-002
-2.543774992e-002
-2.135835588e-002
-8.200754412e-003
1.298020221e-002
3.247805685e-002
4.420386627e-002
4.864155501e-002
5.144582689e-002
5.520462990e-002
6.410893798e-002
8.434488624e-002
1.084644049e-001
1.279110312e-001
1.414135396e-001
1.496473104e-001
1.623207331e-001
1.819073260e-001
2.148030549e-001
2.604484856e-001
3.073594570e-001
3.504042327e-001
3.863396645e-001
4.138744473e-001
4.364278615e-001
4.604800045e-001
4.901478291e-001
5.315712690e-001
5.837298632e-001
6.358731985e-001
6.766213179e-001
7.110113502e-001
7.486430407e-001
7.793822885e-001
8.056464195e-001
8.344367146e-001
8.598178625e-001
8.812770844e-001
8.901618719e-001
8.633416891e-001
7.936583161e-001
6.957093477e-001
5.698176622e-001
4.614346325e-001
3.885547817e-001
3.420815468e-001
2.943963408e-001
2.351592928e-001
1.738452464e-001
1.053956747e-001
6.339347363e-002
6.487932801e-002
7.778843492e-002
6.398232281e-002
1.564916968e-002
-9.116046131e-002
-2.672716379e-001
-4.723149538e-001
-6.013305187e-001
-6.740207672e-001
-6.920088530e-001
-6.689994931e-001
-6.386862993e-001
-6.273746490e-001
-6.348959208e-001
-6.536905169e-001
-6.668716669e-001
-6.546726227e-001
-6.099302173e-001
-5.403195620e-001
-4.342414737e-001
-3.208396137e-001
-2.357900739e-001
-1.852231026e-001
-1.533836275e-001
-1.381887943e-001
-1.394776851e-001
-1.378701031e-001
-1.139247864e-001
-6.451963633e-002
-7.177889347e-004
5.534011126e-002
8.468452841e-002
7.886884362e-002
3.094750084e-002
-2.853571624e-002
-7.449693233e-002
-8.182074875e-002
-4.263001680e-002
2.403758466e-002
9.050945193e-002
1.151218116e-001
1.057322398e-001
5.535703152e-002
-3.243485838e-002
-1.355877370e-001
-2.198313177e-001
-2.566996515e-001
-2.406173199e-001
-2.044555694e-001
-1.756585240e-001
-1.740043759e-001
-2.075942010e-001
-2.869120538e-001
-3.846758902e-001
-4.669392705e-001
-5.154873133e-001
-5.305263996e-001
-5.187908411e-001
-4.963764250e-001
-4.700154662e-001
-4.438255429e-001
-4.303972721e-001
-4.198797643e-001
-3.995145559e-001
-3.669206500e-001
-3.134955764e-001
-2.426213175e-001
-1.724781692e-001
-1.296688020e-001
-1.023377180e-001
-9.561824799e-002
-1.108304635e-001
-1.388387382e-001
-1.614316553e-001
-1.736743450e-001
-1.690951586e-001
-1.518804282e-001
-1.299706697e-001
-1.037667096e-001
-7.839106768e-002
-6.006940082e-002
-4.826571792e-002
-4.334034771e-002
-4.635690153e-002
-5.299814790e-002
-5.620354414e-002
-5.208795890e-002
-3.953528777e-002
-2.148377150e-002
-9.153559804e-003
-1.309093833e-002
-3.534163907e-002
-7.292154431e-002
-1.147910506e-001
-1.479229182e-001
-1.675186604e-001
-1.739511788e-001
-1.724346578e-001
-1.718965173e-001
-1.795390546e-001
-1.955344081e-001
-2.097825408e-001
-2.105855197e-001
-1.953803301e-001
-1.705116183e-001
-1.452567875e-001
-1.269558966e-001
-1.204289347e-001
-1.250027418e-001
-1.335864514e-001
-1.389416456e-001
-1.377969235e-001
-1.326152831e-001
-1.285600513e-001
-1.258689612e-001
-1.225949973e-001
-1.163979620e-001
-1.019751504e-001
-7.985932380e-002
-5.753516406e-002
-3.907878324e-002
-2.540243417e-002
-1.679883525e-002
-1.013921946e-002
-2.049931325e-003
6.477252580e-003
1.490370184e-002
2.340546623e-002
2.837087214e-002
2.978198975e-002
3.486793116e-002
4.702252522e-002
6.354109943e-002
8.246766031e-002
1.010090485e-001
1.153553352e-001
1.256120205e-001
1.319288760e-001
1.314425468e-001
1.265320331e-001
1.285754889e-001
1.454598755e-001
1.777910292e-001
2.267120481e-001
2.845766842e-001
3.369340599e-001
3.759656549e-001
4.000405669e-001
4.128063023e-001
4.199899435e-001
4.362646341e-001
4.698270559e-001
5.180746913e-001
5.745685697e-001
6.289753914e-001
6.722307205e-001
7.052060366e-001
7.357453108e-001
7.655255795e-001
7.920924425e-001
8.188512921e-001
8.418865204e-001
8.557548523e-001
8.556976914e-001
8.316757679e-001
7.741777301e-001
6.893295050e-001
5.768114924e-001
4.861552417e-001
4.220930338e-001
3.834683299e-001
3.576237559e-001
3.111366034e-001
2.477878481e-001
1.785325408e-001
1.191522703e-001
8.729125559e-002
9.101897478e-002
7.745263726e-002
3.550091386e-002
-4.551765323e-002
-1.865675300e-001
-4.102599323e-001
-5.625619888e-001
-6.559877396e-001
-6.954993010e-001
-6.833771467e-001
-6.389461756e-001
-6.074716449e-001
-6.059730053e-001
-6.249746680e-001
-6.553460360e-001
-6.712365150e-001
-6.475285292e-001
-5.880817771e-001
-4.870798290e-001
-3.602633178e-001
-2.685078084e-001
-2.212117910e-001
-2.069204450e-001
-2.187845409e-001
-2.594262660e-001
-2.928652465e-001
-2.862299979e-001
-2.385837436e-001
-1.582030505e-001
-7.135865837e-002
-1.478995383e-002
2.922832966e-003
-2.812113240e-002
-9.071610868e-002
-1.446512043e-001
-1.656832397e-001
-1.416413486e-001
-7.506697625e-002
3.330156207e-003
5.143250525e-002
6.050230563e-002
2.843530476e-002
-4.292975366e-002
-1.426777542e-001
-2.254791260e-001
-2.705838084e-001
-2.594292164e-001
-2.089256644e-001
-1.631605029e-001
-1.541966498e-001
-1.785994470e-001
-2.458014935e-001
-3.518075645e-001
-4.530490935e-001
-5.117701292e-001
-5.354635119e-001
-5.252048373e-001
-4.945099354e-001
-4.562027752e-001
-4.240984023e-001
-4.158435166e-001
-4.279063642e-001
-4.382335544e-001
-4.295539260e-001
-3.998376727e-001
-3.453186452e-001
-2.746265531e-001
-2.099699080e-001
-1.769163311e-001
-1.680040210e-001
-1.838279665e-001
-2.155855298e-001
-2.408372015e-001
-2.451656759e-001
-2.328853011e-001
-2.101883590e-001
-1.822065413e-001
-1.611603647e-001
-1.439142227e-001
-1.261682212e-001
-1.130666435e-001
-1.014248282e-001
-9.122644365e-002
-8.464098722e-002
-7.857654989e-002
-6.955122948e-002
-5.161080509e-002
-2.442890406e-002
3.183558583e-003
1.598910987e-002
2.309769392e-003
-2.859417349e-002
-6.503783166e-002
-9.754978120e-002
-1.096424833e-001
-1.066764370e-001
-1.031352729e-001
-1.023937464e-001
-1.149704605e-001
-1.412920058e-001
-1.655196249e-001
-1.773741543e-001
-1.695481539e-001
-1.440173239e-001
-1.157795936e-001
-1.008175835e-001
-1.039245799e-001
-1.150057167e-001
-1.279598475e-001
-1.363856941e-001
-1.300844252e-001
-1.178717464e-001
-1.098730490e-001
-1.073187515e-001
-1.162078530e-001
-1.294742525e-001
-1.363011003e-001
-1.358599067e-001
-1.255323887e-001
-1.082633883e-001
-9.125367552e-002
-7.884274423e-002
-7.236480713e-002
-6.633274257e-002
-5.955189466e-002
-5.060049891e-002
-3.563382104e-002
-2.160090953e-002
-1.125322096e-002
-3.615988418e-003
-7.954295725e-004
4.897165578e-003
1.399351377e-002
2.172134817e-002
3.290476650e-002
4.653135687e-002
6.016071141e-002
7.602705061e-002
9.360967577e-002
1.130098403e-001
1.349836737e-001
1.643219590e-001
1.987737715e-001
2.333109379e-001
2.713951170e-001
3.092576563e-001
3.412802517e-001
3.695031404e-001
3.948297501e-001
4.178084433e-001
4.478447735e-001
4.874336720e-001
5.355853438e-001
5.892804265e-001
6.414651871e-001
6.859480739e-001
7.187179327e-001
7.476791143e-001
7.757834792e-001
7.993845940e-001
8.225329518e-001
8.444157839e-001
8.574103117e-001
8.547252417e-001
8.271604776e-001
7.709971666e-001
6.947767735e-001
6.097022891e-001
5.444572568e-001
4.940932989e-001
4.553172588e-001
4.111587703e-001
3.428556323e-001
2.702221870e-001
2.201485932e-001
1.815991253e-001
1.782493889e-001
1.848590076e-001
1.621910632e-001
9.824535251e-002
-1.260240376e-002
-1.877249777e-001
-3.820426464e-001
-5.035964847e-001
-5.672312975e-001
-5.845361948e-001
-5.682432652e-001
-5.478658080e-001
-5.512089729e-001
-5.700622797e-001
-5.902420878e-001
-6.038885713e-001
-5.938298106e-001
-5.524470806e-001
-4.803260565e-001
-3.814658523e-001
-2.885846496e-001
-2.320308089e-001
-2.040186673e-001
-1.963705420e-001
-2.097285092e-001
-2.315018177e-001
-2.340143323e-001
-2.039861381e-001
-1.420156807e-001
-6.257979572e-002
9.217999876e-003
4.364295304e-002
3.384892642e-002
-1.691011898e-002
-6.852803379e-002
-9.747677296e-002
-8.840665221e-002
-3.320850804e-002
4.492128640e-002
1.128416881e-001
1.403671354e-001
1.350167096e-001
9.285502881e-002
1.810728386e-002
-5.773250759e-002
-1.137287617e-001
-1.322489828e-001
-1.103833765e-001
-7.798288763e-002
-6.101252139e-002
-7.278852910e-002
-1.119908020e-001
-1.962382197e-001
-2.970650792e-001
-3.842509687e-001
-4.289894700e-001
-4.453912377e-001
-4.395381510e-001
-4.251282811e-001
-4.071575999e-001
-3.970475793e-001
-4.022011757e-001
-4.141857922e-001
-4.136631787e-001
-3.924336135e-001
-3.527586162e-001
-2.974434197e-001
-2.378368974e-001
-1.969257742e-001
-1.840272546e-001
-1.872124374e-001
-2.093990445e-001
-2.398766279e-001
-2.602964342e-001
-2.658617496e-001
-2.612450421e-001
-2.430468202e-001
-2.144677937e-001
-1.829378605e-001
-1.494790167e-001
-1.199088022e-001
-1.041332930e-001
-1.023065746e-001
-1.053872705e-001
-1.068296507e-001
-9.957882762e-002
-7.369378954e-002
-3.470325842e-002
4.264488816e-004
2.055801451e-002
1.737773418e-002
-1.009166986e-002
-5.016355589e-002
-8.530093729e-002
-1.020352468e-001
-1.028483212e-001
-9.635169804e-002
-8.898872137e-002
-9.039717168e-002
-1.026313975e-001
-1.203315631e-001
-1.398720145e-001
-1.526122093e-001
-1.522168815e-001
-1.420375407e-001
-1.266124547e-001
-1.102355793e-001
-9.768953919e-002
-9.217484295e-002
-9.131015092e-002
-9.073151648e-002
-9.128239751e-002
-9.046658874e-002
-8.529499173e-002
-7.880691439e-002
-6.929274648e-002
-5.817288160e-002
-5.264457688e-002
-5.025620759e-002
-4.646326974e-002
-4.207198322e-002
-3.790824860e-002
-3.352583945e-002
-2.717966586e-002
-2.054082789e-002
-1.447654143e-002
-5.680791102e-003
5.649378523e-003
1.809607819e-002
2.976056561e-002
3.821751848e-002
4.716681316e-002
5.759916082e-002
6.967720389e-002
8.798986673e-002
1.100454405e-001
1.298350245e-001
1.455444247e-001
1.564370394e-001
1.612017155e-001
1.624818146e-001
1.704620421e-001
1.855188012e-001
2.121931762e-001
2.535185814e-001
3.003899753e-001
3.375066817e-001
3.652260303e-001
3.853782713e-001
4.027911425e-001
4.223647416e-001
4.507208467e-001
4.924790561e-001
5.427511930e-001
5.971605182e-001
6.541886926e-001
7.023164034e-001
7.375882268e-001
7.660804987e-001
7.899126410e-001
8.124394417e-001
8.366297483e-001
8.631016016e-001
8.808534741e-001
8.730598688e-001
8.306866288e-001
7.498822808e-001
6.297996044e-001
5.250524282e-001
4.544464350e-001
4.112364054e-001
3.975964189e-001
3.811372221e-001
3.380440474e-001
2.900230885e-001
2.407835722e-001
1.995297670e-001
1.870359033e-001
1.725465059e-001
1.327241212e-001
4.049815238e-002
-9.565126896e-002
-3.111335039e-001
-4.965933859e-001
-6.056935787e-001
-6.622618437e-001
-6.764248013e-001
-6.573545337e-001
-6.421513557e-001
-6.476881504e-001
-6.613424420e-001
-6.781680584e-001
-6.835206151e-001
-6.648557782e-001
-6.235868335e-001
-5.562187433e-001
-4.873954058e-001
-4.282921553e-001
-3.987902701e-001
-3.935773373e-001
-3.937298059e-001
-4.030467570e-001
-4.032119215e-001
-3.777292967e-001
-3.322330713e-001
-2.603160441e-001
-1.864479035e-001
-1.425721049e-001
-1.260248125e-001
-1.449572146e-001
-1.837735474e-001
-2.040237486e-001
-1.915860772e-001
-1.400821656e-001
-6.155188382e-002
1.740070060e-002
7.457736880e-002
9.579647332e-002
9.167097509e-002
5.955472589e-002
-6.716884673e-004
-4.055261239e-002
-5.686204508e-002
-4.858975485e-002
-7.565818727e-003
1.845744252e-002
1.079925150e-002
-1.651827991e-002
-7.775357366e-002
-1.710172892e-001
-2.649881244e-001
-3.280474544e-001
-3.570136428e-001
-3.624484241e-001
-3.528697789e-001
-3.434897959e-001
-3.541527689e-001
-3.662801981e-001
-3.793163300e-001
-3.835277259e-001
-3.559734821e-001
-3.132249415e-001
-2.680299580e-001
-2.237031460e-001
-2.017388642e-001
-2.088417560e-001
-2.377773821e-001
-2.735514343e-001
-2.963993549e-001
-3.004033566e-001
-2.869776189e-001
-2.701137960e-001
-2.606810629e-001
-2.500071526e-001
-2.385337055e-001
-2.247238308e-001
-2.013045251e-001
-1.724260300e-001
-1.376875788e-001
-1.037976220e-001
-8.305995166e-002
-6.985572726e-002
-5.739869177e-002
-3.802931309e-002
-5.100060254e-003
3.075689822e-002
5.732861534e-002
6.973341852e-002
6.683118641e-002
5.369716138e-002
3.576469421e-002
1.821150817e-002
6.202985533e-003
3.853334114e-003
7.893566042e-003
8.793806657e-003
7.386079058e-003
9.176671505e-003
1.333941706e-002
2.161278948e-002
3.155551851e-002
3.408693895e-002
2.833159640e-002
2.114125714e-002
1.881676354e-002
2.633678541e-002
4.639185220e-002
7.255971432e-002
9.451690316e-002
1.070459262e-001
1.031710580e-001
8.436008543e-002
6.510030478e-002
5.232608691e-002
5.227722228e-002
7.001541555e-002
9.497807175e-002
1.169742793e-001
1.318227351e-001
1.369033605e-001
1.363297403e-001
1.366881728e-001
1.443202943e-001
1.592607051e-001
1.786231101e-001
2.027385086e-001
2.230074704e-001
2.361913621e-001
2.467603534e-001
2.449932098e-001
2.324984074e-001
2.258745581e-001
2.267835736e-001
2.344960272e-001
2.481341064e-001
2.608097494e-001
2.662645280e-001
2.641379833e-001
2.587173283e-001
2.547261417e-001
2.605386376e-001
2.867673635e-001
3.222070634e-001
3.540399075e-001
3.848776817e-001
4.041152596e-001
4.164522588e-001
4.350077510e-001
4.600003660e-001
4.969592988e-001
5.475361943e-001
5.984313488e-001
6.475211382e-001
6.933043599e-001
7.304629087e-001
7.638647556e-001
7.988764644e-001
8.306056261e-001
8.616137505e-001
8.874916434e-001
9.078828096e-001
9.150038362e-001
8.979202509e-001
8.494964242e-001
7.726820111e-001
6.810389757e-001
6.114185452e-001
5.534001589e-001
5.178154111e-001
4.942237735e-001
4.562444091e-001
4.162257016e-001
3.920257092e-001
3.871970177e-001
4.033815265e-001
3.995959163e-001
3.757174611e-001
3.114028275e-001
1.984419525e-001
3.973653913e-002
-1.628082991e-001
-3.016490936e-001
-3.809636533e-001
-4.272311926e-001
-4.497033060e-001
-4.636245966e-001
-4.877489507e-001
-5.188107491e-001
-5.433962345e-001
-5.502895713e-001
-5.359359384e-001
-5.031144619e-001
-4.512714446e-001
-4.048492908e-001
-3.705643117e-001
-3.493113816e-001
-3.473189175e-001
-3.511962891e-001
-3.553138971e-001
-3.669974506e-001
-3.685606718e-001
-3.523483276e-001
-3.212639093e-001
-2.719880044e-001
-2.203335315e-001
-1.810961962e-001
-1.690984815e-001
-1.849955171e-001
-2.038750947e-001
-2.096297890e-001
-1.937917471e-001
-1.483082175e-001
