0.00068868
0.00066927
0.00066606
0.00066643
0.00065330
0.00060555
0.00049879
0.00030627
-0.00000000
-0.00044800
-0.00106440
-0.00187318
-0.00289431
-0.00414253
-0.00562625
-0.00734666
-0.00929713
-0.01146277
-0.01382046
-0.01633906
-0.01898004
-0.02169830
-0.02444344
-0.02716108
-0.02979451
-0.03228641
-0.03458066
-0.03662414
-0.03836850
-0.03977170
-0.04079951
-0.04142658
0.95765894
-0.04142658
-0.04079951
-0.03977170
-0.03836850
-0.03662414
-0.03458066
-0.03228641
-0.02979451
-0.02716108
-0.02444344
-0.02169830
-0.01898004
-0.01633906
-0.01382046
-0.01146277
-0.00929713
-0.00734666
-0.00562625
-0.00414253
-0.00289431
-0.00187318
-0.00106440
-0.00044800
-0.00000000
0.00030627
0.00049879
0.00060555
0.00065330
0.00066643
0.00066606
0.00066927
0.00068868
