-0.00408558
-0.00430132
-0.00470762
-0.00529696
-0.00604434
-0.00690798
-0.00783088
-0.00874319
-0.00956522
-0.01021114
-0.01059302
-0.01062513
-0.01022836
-0.00933438
-0.00788958
-0.00585839
-0.00322595
-0.00000000
0.00378821
0.00808396
0.01281011
0.01786913
0.02314600
0.02851194
0.03382880
0.03895388
0.04374510
0.04806620
0.05179176
0.05481196
0.05703670
0.05839906
0.05885782
0.05839906
0.05703670
0.05481196
0.05179176
0.04806620
0.04374510
0.03895388
0.03382880
0.02851194
0.02314600
0.01786913
0.01281011
0.00808396
0.00378821
-0.00000000
-0.00322595
-0.00585839
-0.00788958
-0.00933438
-0.01022836
-0.01062513
-0.01059302
-0.01021114
-0.00956522
-0.00874319
-0.00783088
-0.00690798
-0.00604434
-0.00529696
-0.00470762
-0.00430132
-0.00408558
