0.00182346
0.00190823
0.00209820
0.00239700
0.00280691
0.00332872
0.00396177
0.00470384
0.00555125
0.00649878
0.00753980
0.00866625
0.00986882
0.01113694
0.01245901
0.01382246
0.01521395
0.01661952
0.01802474
0.01941495
0.02077538
0.02209142
0.02334874
0.02453353
0.02563263
0.02663379
0.02752572
0.02829836
0.02894293
0.02945207
0.02981997
0.03004242
0.03011685
0.03004242
0.02981997
0.02945207
0.02894293
0.02829836
0.02752572
0.02663379
0.02563263
0.02453353
0.02334874
0.02209142
0.02077538
0.01941495
0.01802474
0.01661952
0.01521395
0.01382246
0.01245901
0.01113694
0.00986882
0.00866625
0.00753980
0.00649878
0.00555125
0.00470384
0.00396177
0.00332872
0.00280691
0.00239700
0.00209820
0.00190823
0.00182346
