-0.00105095
-0.00088616
-0.00074285
-0.00058839
-0.00038974
-0.00011431
0.00026899
0.00078884
0.00147064
0.00233569
0.00340050
0.00467621
0.00616812
0.00787541
0.00979102
0.01190163
0.01418789
0.01662477
0.01918201
0.02182485
0.02451469
0.02721006
0.02986753
0.03244271
0.03489133
0.03717029
0.03923868
0.04105876
0.04259692
0.04382445
0.04471825
0.04526141
0.04544362
0.04526141
0.04471825
0.04382445
0.04259692
0.04105876
0.03923868
0.03717029
0.03489133
0.03244271
0.02986753
0.02721006
0.02451469
0.02182485
0.01918201
0.01662477
0.01418789
0.01190163
0.00979102
0.00787541
0.00616812
0.00467621
0.00340050
0.00233569
0.00147064
0.00078884
0.00026899
-0.00011431
-0.00038974
-0.00058839
-0.00074285
-0.00088616
-0.00105095
