-7.229224926e-04
-7.025500269e-04
-6.991774072e-04
-6.995732060e-04
-6.857867990e-04
-6.356608281e-04
-5.235891654e-04
-3.214959089e-04
3.658602377e-19
4.702795741e-04
1.117330860e-03
1.966326825e-03
3.038235748e-03
4.348526336e-03
5.906027540e-03
7.711998131e-03
9.759453649e-03
1.203278866e-02
1.450772073e-02
1.715156956e-02
1.992387120e-02
2.277731296e-02
2.565896141e-02
2.851174296e-02
3.127612542e-02
3.389194007e-02
3.630027665e-02
3.844538031e-02
4.027647794e-02
4.174946380e-02
4.282837902e-02
4.348662719e-02
4.370787858e-02
4.348662719e-02
4.282837902e-02
4.174946380e-02
4.027647794e-02
3.844538031e-02
3.630027665e-02
3.389194007e-02
3.127612542e-02
2.851174296e-02
2.565896141e-02
2.277731296e-02
1.992387120e-02
1.715156956e-02
1.450772073e-02
1.203278866e-02
9.759453649e-03
7.711998131e-03
5.906027540e-03
4.348526336e-03
3.038235748e-03
1.966326825e-03
1.117330860e-03
4.702795741e-04
3.658602377e-19
-3.214959089e-04
-5.235891654e-04
-6.356608281e-04
-6.857867990e-04
-6.995732060e-04
-6.991774072e-04
-7.025500269e-04
-7.229224926e-04
