-1.302718777e-19
-3.518520625e-05
-7.115959671e-05
-1.079615187e-04
-1.455754797e-04
-1.839044272e-04
-2.227440494e-04
-2.617603464e-04
-3.004716566e-04
-3.382362182e-04
-3.742462020e-04
-4.075289742e-04
-4.369561345e-04
-4.612606402e-04
-4.790620684e-04
-4.888997993e-04
-4.892736267e-04
-4.786910278e-04
-4.557200612e-04
-4.190466149e-04
-3.675345063e-04
-3.002867482e-04
-2.167061480e-04
-1.165533026e-04
3.496674378e-19
1.323239610e-04
2.792924667e-04
4.392551200e-04
6.100212613e-04
7.888574093e-04
9.724992831e-04
1.157179249e-03
1.338669682e-03
1.512342349e-03
1.673243511e-03
1.816184017e-03
1.935843254e-03
2.026885383e-03
2.084085920e-03
2.102466318e-03
2.077433925e-03
2.004924361e-03
1.881543191e-03
1.704703563e-03
1.472756431e-03
1.185109954e-03
8.423347461e-04
4.462517796e-04
-8.793351745e-19
-4.919190061e-04
-1.023621558e-03
-1.587849469e-03
-2.176006001e-03
-2.778220962e-03
-3.383445110e-03
-3.979573461e-03
-4.553596408e-03
-5.091776977e-03
-5.579851910e-03
-6.003253686e-03
-6.347350048e-03
-6.597697112e-03
-6.740301712e-03
-6.761888311e-03
-6.650165515e-03
-6.394087116e-03
-5.984102475e-03
-5.412391165e-03
-4.673076882e-03
-3.762415943e-03
-2.678956011e-03
-1.423661170e-03
1.409002911e-18
1.586006061e-03
3.325776091e-03
5.208206078e-03
7.219748800e-03
9.344536888e-03
1.156454790e-02
1.385980944e-02
1.620864162e-02
1.858793323e-02
2.097344759e-02
2.334015314e-02
2.566257347e-02
2.791515101e-02
3.007261825e-02
3.211037014e-02
3.400483129e-02
3.573381156e-02
3.727684375e-02
3.861549747e-02
3.973366359e-02
4.061780417e-02
4.125716344e-02
4.164393589e-02
4.177338869e-02
4.164393589e-02
4.125716344e-02
4.061780417e-02
3.973366359e-02
3.861549747e-02
3.727684375e-02
3.573381156e-02
3.400483129e-02
3.211037014e-02
3.007261825e-02
2.791515101e-02
2.566257347e-02
2.334015314e-02
2.097344759e-02
1.858793323e-02
1.620864162e-02
1.385980944e-02
1.156454790e-02
9.344536888e-03
7.219748800e-03
5.208206078e-03
3.325776091e-03
1.586006061e-03
1.409002911e-18
-1.423661170e-03
-2.678956011e-03
-3.762415943e-03
-4.673076882e-03
-5.412391165e-03
-5.984102475e-03
-6.394087116e-03
-6.650165515e-03
-6.761888311e-03
-6.740301712e-03
-6.597697112e-03
-6.347350048e-03
-6.003253686e-03
-5.579851910e-03
-5.091776977e-03
-4.553596408e-03
-3.979573461e-03
-3.383445110e-03
-2.778220962e-03
-2.176006001e-03
-1.587849469e-03
-1.023621558e-03
-4.919190061e-04
-8.793351745e-19
4.462517796e-04
8.423347461e-04
1.185109954e-03
1.472756431e-03
1.704703563e-03
1.881543191e-03
2.004924361e-03
2.077433925e-03
2.102466318e-03
2.084085920e-03
2.026885383e-03
1.935843254e-03
1.816184017e-03
1.673243511e-03
1.512342349e-03
1.338669682e-03
1.157179249e-03
9.724992831e-04
7.888574093e-04
6.100212613e-04
4.392551200e-04
2.792924667e-04
1.323239610e-04
3.496674378e-19
-1.165533026e-04
-2.167061480e-04
-3.002867482e-04
-3.675345063e-04
-4.190466149e-04
-4.557200612e-04
-4.786910278e-04
-4.892736267e-04
-4.888997993e-04
-4.790620684e-04
-4.612606402e-04
-4.369561345e-04
-4.075289742e-04
-3.742462020e-04
-3.382362182e-04
-3.004716566e-04
-2.617603464e-04
-2.227440494e-04
-1.839044272e-04
-1.455754797e-04
-1.079615187e-04
-7.115959671e-05
-3.518520625e-05
-1.302718777e-19
