-2.603537949e-19
-6.971751625e-05
-1.373695563e-04
-1.993414304e-04
-2.519602908e-04
-2.915896324e-04
-3.147779859e-04
-3.184668438e-04
-3.002525850e-04
-2.586860502e-04
-1.935828465e-04
-1.063088449e-04
3.743087473e-19
1.203253976e-04
2.477999733e-04
3.739148891e-04
4.889169010e-04
5.823923406e-04
6.440156017e-04
6.644192868e-04
6.361243066e-04
5.544530186e-04
4.183388999e-04
2.309438436e-04
-6.988249958e-19
-2.621925204e-04
-5.391582304e-04
-8.110458710e-04
-1.055817468e-03
-1.250772727e-03
-1.374318939e-03
-1.407864973e-03
-1.337693668e-03
-1.156652800e-03
-8.655030834e-04
-4.737734916e-04
1.184497883e-18
5.287374824e-04
1.078015709e-03
1.607984829e-03
2.075919283e-03
2.439261493e-03
2.658963854e-03
2.702892436e-03
2.549029132e-03
2.188201096e-03
1.626079344e-03
8.842229168e-04
-1.757388116e-18
-9.747099695e-04
-1.976043229e-03
-2.931824119e-03
-3.766205037e-03
-4.405007759e-03
-4.781425317e-03
-4.841689039e-03
-4.550276415e-03
-3.894236051e-03
-2.886238016e-03
-1.566021082e-03
2.330278348e-18
1.721088814e-03
3.486493075e-03
5.171551965e-03
6.645316929e-03
7.779271273e-03
8.456628716e-03
8.581615863e-03
8.088105309e-03
6.946969487e-03
5.171572292e-03
2.820904902e-03
-2.815951236e-18
-3.142582213e-03
-6.420221688e-03
-9.616493564e-03
-1.249585446e-02
-1.481622882e-02
-1.634281636e-02
-1.686233164e-02
-1.619682402e-02
-1.421621568e-02
-1.084873985e-02
-6.088560268e-03
3.140467484e-18
7.282003606e-03
1.555538309e-02
2.455829499e-02
3.398003862e-02
4.347501195e-02
5.267898212e-02
6.122679524e-02
6.877054743e-02
7.499719607e-02
7.964460871e-02
8.251512744e-02
8.348586405e-02
8.251512744e-02
7.964460871e-02
7.499719607e-02
6.877054743e-02
6.122679524e-02
5.267898212e-02
4.347501195e-02
3.398003862e-02
2.455829499e-02
1.555538309e-02
7.282003606e-03
3.140467484e-18
-6.088560268e-03
-1.084873985e-02
-1.421621568e-02
-1.619682402e-02
-1.686233164e-02
-1.634281636e-02
-1.481622882e-02
-1.249585446e-02
-9.616493564e-03
-6.420221688e-03
-3.142582213e-03
-2.815951236e-18
2.820904902e-03
5.171572292e-03
6.946969487e-03
8.088105309e-03
8.581615863e-03
8.456628716e-03
7.779271273e-03
6.645316929e-03
5.171551965e-03
3.486493075e-03
1.721088814e-03
2.330278348e-18
-1.566021082e-03
-2.886238016e-03
-3.894236051e-03
-4.550276415e-03
-4.841689039e-03
-4.781425317e-03
-4.405007759e-03
-3.766205037e-03
-2.931824119e-03
-1.976043229e-03
-9.747099695e-04
-1.757388116e-18
8.842229168e-04
1.626079344e-03
2.188201096e-03
2.549029132e-03
2.702892436e-03
2.658963854e-03
2.439261493e-03
2.075919283e-03
1.607984829e-03
1.078015709e-03
5.287374824e-04
1.184497883e-18
-4.737734916e-04
-8.655030834e-04
-1.156652800e-03
-1.337693668e-03
-1.407864973e-03
-1.374318939e-03
-1.250772727e-03
-1.055817468e-03
-8.110458710e-04
-5.391582304e-04
-2.621925204e-04
-6.988249958e-19
2.309438436e-04
4.183388999e-04
5.544530186e-04
6.361243066e-04
6.644192868e-04
6.440156017e-04
5.823923406e-04
4.889169010e-04
3.739148891e-04
2.477999733e-04
1.203253976e-04
3.743087473e-19
-1.063088449e-04
-1.935828465e-04
-2.586860502e-04
-3.002525850e-04
-3.184668438e-04
-3.147779859e-04
-2.915896324e-04
-2.519602908e-04
-1.993414304e-04
-1.373695563e-04
-6.971751625e-05
-2.603537949e-19
