6.876971063e-04
8.136916098e-04
9.406062145e-04
1.055930361e-03
1.129939544e-03
1.117316598e-03
9.622100408e-04
6.064283168e-04
-6.960663954e-19
-8.870745869e-04
-2.053340756e-03
-3.456260795e-03
-5.005962089e-03
-6.563631862e-03
-7.945402912e-03
-8.932016131e-03
-9.283910935e-03
-8.760752372e-03
-7.143826076e-03
-4.259287865e-03
2.321079612e-18
5.656341382e-03
1.263486947e-02
2.075863931e-02
2.975215348e-02
3.925355663e-02
4.883491007e-02
5.802915831e-02
6.636171067e-02
7.338405454e-02
7.870654903e-02
8.202755122e-02
8.315630495e-02
8.202755122e-02
7.870654903e-02
7.338405454e-02
6.636171067e-02
5.802915831e-02
4.883491007e-02
3.925355663e-02
2.975215348e-02
2.075863931e-02
1.263486947e-02
5.656341382e-03
2.321079612e-18
-4.259287865e-03
-7.143826076e-03
-8.760752372e-03
-9.283910935e-03
-8.932016131e-03
-7.945402912e-03
-6.563631862e-03
-5.005962089e-03
-3.456260795e-03
-2.053340756e-03
-8.870745869e-04
-6.960663954e-19
6.064283168e-04
9.622100408e-04
1.117316598e-03
1.129939544e-03
1.055930361e-03
9.406062145e-04
8.136916098e-04
6.876971063e-04
