1.071579571e-03
1.177264676e-03
1.354099002e-03
1.613008525e-03
1.963792435e-03
2.414862548e-03
2.973005241e-03
3.643171496e-03
4.428300138e-03
5.329178668e-03
6.344345381e-03
7.470035586e-03
8.700173854e-03
1.002641324e-02
1.143822143e-02
1.292301278e-02
1.446632421e-02
1.605203185e-02
1.766260479e-02
1.927939083e-02
2.088292918e-02
2.245328376e-02
2.397039062e-02
2.541441268e-02
2.676609449e-02
2.800711001e-02
2.912039632e-02
3.009046635e-02
3.090369437e-02
3.154856828e-02
3.201590359e-02
3.229901457e-02
3.239383907e-02
3.229901457e-02
3.201590359e-02
3.154856828e-02
3.090369437e-02
3.009046635e-02
2.912039632e-02
2.800711001e-02
2.676609449e-02
2.541441268e-02
2.397039062e-02
2.245328376e-02
2.088292918e-02
1.927939083e-02
1.766260479e-02
1.605203185e-02
1.446632421e-02
1.292301278e-02
1.143822143e-02
1.002641324e-02
8.700173854e-03
7.470035586e-03
6.344345381e-03
5.329178668e-03
4.428300138e-03
3.643171496e-03
2.973005241e-03
2.414862548e-03
1.963792435e-03
1.613008525e-03
1.354099002e-03
1.177264676e-03
1.071579571e-03
