-6.471612011e-20
-1.751671868e-05
-3.565551480e-05
-5.468356818e-05
-7.486972729e-05
-9.647972315e-05
-1.197712450e-04
-1.449889255e-04
-1.723592831e-04
-2.020856742e-04
-2.343433028e-04
-2.692743426e-04
-3.069832207e-04
-3.475321145e-04
-3.909367128e-04
-4.371622875e-04
-4.861201259e-04
-5.376643640e-04
-5.915892666e-04
-6.476269891e-04
-7.054458586e-04
-7.646492040e-04
-8.247747622e-04
-8.852946826e-04
-9.456161478e-04
-1.005082623e-03
-1.062975739e-03
-1.118517816e-03
-1.170875020e-03
-1.219161140e-03
-1.262441983e-03
-1.299740352e-03
-1.330041594e-03
-1.352299677e-03
-1.365443772e-03
-1.368385283e-03
-1.360025297e-03
-1.339262392e-03
-1.305000759e-03
-1.256158567e-03
-1.191676533e-03
-1.110526605e-03
-1.011720723e-03
-8.943195677e-04
-7.574412433e-04
-6.002698162e-04
-4.220636485e-04
-2.221634521e-04
4.368338108e-19
2.448985742e-04
5.128999502e-04
8.042613307e-04
1.119123744e-03
1.457506996e-03
1.819305317e-03
2.204283758e-03
2.612075366e-03
3.042179186e-03
3.493959106e-03
3.966643581e-03
4.459326249e-03
4.970967450e-03
5.500396646e-03
6.046315760e-03
6.607303400e-03
7.181819969e-03
7.768213638e-03
8.364727143e-03
8.969505386e-03
9.580603785e-03
1.019599733e-02
1.081359031e-02
1.143122660e-02
1.204670053e-02
1.265776818e-02
1.326215911e-02
1.385758835e-02
1.444176870e-02
1.501242318e-02
1.556729748e-02
1.610417254e-02
1.662087696e-02
1.711529924e-02
1.758539981e-02
1.802922269e-02
1.844490677e-02
1.883069660e-02
1.918495255e-02
1.950616045e-02
1.979294042e-02
2.004405505e-02
2.025841662e-02
2.043509362e-02
2.057331622e-02
2.067248087e-02
2.073215387e-02
2.075207395e-02
2.073215387e-02
2.067248087e-02
2.057331622e-02
2.043509362e-02
2.025841662e-02
2.004405505e-02
1.979294042e-02
1.950616045e-02
1.918495255e-02
1.883069660e-02
1.844490677e-02
1.802922269e-02
1.758539981e-02
1.711529924e-02
1.662087696e-02
1.610417254e-02
1.556729748e-02
1.501242318e-02
1.444176870e-02
1.385758835e-02
1.326215911e-02
1.265776818e-02
1.204670053e-02
1.143122660e-02
1.081359031e-02
1.019599733e-02
9.580603785e-03
8.969505386e-03
8.364727143e-03
7.768213638e-03
7.181819969e-03
6.607303400e-03
6.046315760e-03
5.500396646e-03
4.970967450e-03
4.459326249e-03
3.966643581e-03
3.493959106e-03
3.042179186e-03
2.612075366e-03
2.204283758e-03
1.819305317e-03
1.457506996e-03
1.119123744e-03
8.042613307e-04
5.128999502e-04
2.448985742e-04
4.368338108e-19
-2.221634521e-04
-4.220636485e-04
-6.002698162e-04
-7.574412433e-04
-8.943195677e-04
-1.011720723e-03
-1.110526605e-03
-1.191676533e-03
-1.256158567e-03
-1.305000759e-03
-1.339262392e-03
-1.360025297e-03
-1.368385283e-03
-1.365443772e-03
-1.352299677e-03
-1.330041594e-03
-1.299740352e-03
-1.262441983e-03
-1.219161140e-03
-1.170875020e-03
-1.118517816e-03
-1.062975739e-03
-1.005082623e-03
-9.456161478e-04
-8.852946826e-04
-8.247747622e-04
-7.646492040e-04
-7.054458586e-04
-6.476269891e-04
-5.915892666e-04
-5.376643640e-04
-4.861201259e-04
-4.371622875e-04
-3.909367128e-04
-3.475321145e-04
-3.069832207e-04
-2.692743426e-04
-2.343433028e-04
-2.020856742e-04
-1.723592831e-04
-1.449889255e-04
-1.197712450e-04
-9.647972315e-05
-7.486972729e-05
-5.468356818e-05
-3.565551480e-05
-1.751671868e-05
-6.471612011e-20
