-6.925410944e-17
-1.854485932e-02
-6.707657409e-02
-1.709187896e-01
-3.599626629e-01
-6.540130746e-01
-1.057256018e+00
-1.557081902e+00
-2.125293016e+00
-2.728251956e+00
-3.326591734e+00
-3.872002868e+00
-4.308560178e+00
-4.564978661e+00
-4.567837087e+00
-4.275450755e+00
-3.695207967e+00
-2.880936381e+00
-1.919378083e+00
-9.154878467e-01
2.884602054e-02
8.242425665e-01
1.380501939e+00
1.608867721e+00
1.419543911e+00
7.097001583e-01
-6.133788192e-01
-2.612777479e+00
-5.307112602e+00
-8.640330469e+00
-1.248395511e+01
-1.665722573e+01
-2.094109469e+01
-2.509709622e+01
-2.888015629e+01
-3.203970824e+01
-3.429682107e+01
-3.531600359e+01
-3.470264879e+01
-3.205210317e+01
-2.707817933e+01
-1.972524998e+01
-1.020341652e+01
1.008754340e+00
1.323258223e+01
2.568499498e+01
3.751675461e+01
4.784202191e+01
5.574921769e+01
6.029784498e+01
6.059561457e+01
5.596267880e+01
4.611698287e+01
3.130851524e+01
1.236399199e+01
-9.403011414e+00
-3.239790160e+01
-5.490981706e+01
-7.522051692e+01
-9.169984127e+01
-1.028230013e+02
-1.071954449e+02
-1.036616297e+02
-9.144381826e+01
-7.031889842e+01
-4.078637568e+01
-4.147781836e+00
3.751469762e+01
8.144687753e+01
1.243930269e+02
1.628452187e+02
1.933283112e+02
2.126581760e+02
2.182064053e+02
2.081262774e+02
1.815146539e+02
1.385568011e+02
8.061712727e+01
1.027984978e+01
-6.866583113e+01
-1.513347165e+02
-2.319310616e+02
-3.040605809e+02
-3.611712723e+02
-3.970468691e+02
-4.063241043e+02
-3.849583505e+02
-3.305808241e+02
-2.427362056e+02
-1.229827123e+02
2.512562746e+01
1.961871526e+02
3.832040801e+02
5.779003205e+02
7.711632220e+02
9.535848160e+02
1.116082300e+03
1.250627058e+03
1.350978970e+03
1.413330881e+03
1.436816043e+03
1.423808741e+03
1.379985318e+03
1.314140789e+03
1.237817447e+03
1.164779244e+03
1.110332110e+03
1.090567303e+03
1.121534907e+03
1.218333430e+03
1.394205185e+03
1.659687246e+03
2.021866763e+03
2.483817300e+03
3.044259769e+03
3.697464825e+03
4.433382642e+03
5.238014167e+03
6.093991090e+03
6.981273679e+03
7.877975571e+03
8.761278620e+03
9.608328638e+03
1.039709396e+04
1.110715396e+04
1.172034712e+04
1.222126306e+04
1.259758036e+04
1.284023008e+04
1.294337595e+04
1.290425633e+04
1.272291292e+04
1.240180591e+04
1.194538472e+04
1.135965621e+04
1.065178382e+04
9.829799652e+03
8.902442469e+03
7.879107502e+03
6.769910296e+03
5.585825716e+03
4.338866317e+03
3.042276057e+03
1.710705814e+03
3.603458703e+02
-9.910083619e+02
-2.323996113e+03
-3.617884088e+03
-4.850922126e+03
-6.000873720e+03
-7.045723029e+03
-7.964481685e+03
-8.738048423e+03
-9.350096112e+03
-9.787899313e+03
-1.004306129e+04
-1.011211698e+04
-9.996935248e+03
-9.704869663e+03
-9.248649100e+03
-8.645999943e+03
-7.918992312e+03
-7.093157676e+03
-6.196442618e+03
-5.258034230e+03
-4.307130054e+03
-3.371726412e+03
-2.477477443e+03
-1.646712243e+03
-8.976587915e+02
-2.439201320e+02
3.057452541e+02
7.473529473e+02
1.081347245e+03
1.312015783e+03
1.446725551e+03
1.495021179e+03
1.467673165e+03
1.375757921e+03
1.229810565e+03
1.039104979e+03
8.111137647e+02
5.512011605e+02
2.625544415e+02
-5.365029020e+01
-3.978340334e+02
-7.714208238e+02
-1.176137343e+03
-1.613258009e+03
-2.082881303e+03
-2.583276215e+03
-3.110351410e+03
-3.657309227e+03
-4.214518092e+03
-4.769600798e+03
-5.307832173e+03
-5.812718439e+03
-6.266781466e+03
-6.652501899e+03
-6.953337957e+03
-7.154756910e+03
-7.245191926e+03
-7.216830477e+03
-7.066203840e+03
-6.794578660e+03
-6.408079947e+03
-5.917516534e+03
-5.337970936e+03
-4.688129917e+03
-3.989356937e+03
-3.264623209e+03
-2.537330219e+03
-1.830070207e+03
-1.163516454e+03
-5.555410657e+02
-2.053600413e+01
4.310441609e+02
7.929159163e+02
1.063024866e+03
1.243390143e+03
1.339680126e+03
1.360574482e+03
1.316971012e+03
1.221077583e+03
1.085507711e+03
9.225041123e+02
7.433338228e+02
5.578509147e+02
3.742005850e+02
1.986181671e+02
3.528836487e+01
-1.137125570e+02
-2.483198809e+02
-3.701746141e+02
-4.821285730e+02
-5.876287601e+02
-6.900822386e+02
-7.923496856e+02
-8.964327478e+02
-1.003319885e+03
-1.112987767e+03
-1.224496481e+03
-1.336062058e+03
-1.445116439e+03
-1.548411060e+03
-1.642176514e+03
-1.722379110e+03
-1.785113295e+03
-1.827037056e+03
-1.845697508e+03
-1.839724589e+03
-1.808886546e+03
-1.753953893e+03
-1.676469032e+03
-1.578533577e+03
-1.462608796e+03
-1.331373753e+03
-1.187672063e+03
-1.034483778e+03
-8.748832289e+02
-7.120054459e+02
-5.490041669e+02
-3.889499039e+02
-2.347345382e+02
-8.904406196e+01
4.566827554e+01
1.671703513e+02
2.733662195e+02
3.622614395e+02
4.320096050e+02
4.810270554e+02
5.082362817e+02
5.134242500e+02
4.976072159e+02
4.633072972e+02
4.147186833e+02
3.577320188e+02
2.998076820e+02
2.497749674e+02
2.175666266e+02
2.138874487e+02
2.498700547e+02
3.366624351e+02
4.849118442e+02
7.041827289e+02
1.002310255e+03
1.384752654e+03
1.854040809e+03
2.409395415e+03
3.046569302e+03
3.757913926e+03
4.532638373e+03
5.357197414e+03
6.215755274e+03
7.090708759e+03
7.963228390e+03
8.813838509e+03
9.623059773e+03
1.037204855e+04
1.104322010e+04
1.162081419e+04
1.209130026e+04
1.244361962e+04
1.266928708e+04
1.276235138e+04
1.271924805e+04
1.253859795e+04
1.222097805e+04
1.176866304e+04
1.118539782e+04
1.047623215e+04
9.647381986e+03
8.706187095e+03
7.661189158e+03
6.522244984e+03
5.300672118e+03
4.009422034e+03
2.663210558e+03
1.278598690e+03
-1.259687446e+02
-1.530220761e+03
-2.912257684e+03
-4.248881472e+03
-5.516081233e+03
-6.689713409e+03
-7.746332146e+03
-8.664111888e+03
-9.423794173e+03
-1.000955418e+04
-1.040975392e+04
-1.061756318e+04
-1.063139546e+04
-1.045514958e+04
-1.009824053e+04
-9.575380987e+03
-8.906101015e+03
-8.114006086e+03
-7.225803080e+03
-6.270169767e+03
-5.276547569e+03
-4.273919256e+03
-3.289660586e+03
-2.348529014e+03
-1.471798738e+03
-6.766094724e+02
2.441247591e+01
6.232808528e+02
1.116502690e+03
1.504655377e+03
1.791765249e+03
1.984541801e+03
2.091513687e+03
2.122145568e+03
2.086004090e+03
1.992007814e+03
1.847820248e+03
1.659454358e+03
1.431091051e+03
1.165119337e+03
8.624055716e+02
5.227302971e+02
1.453661247e+02
-2.702536101e+02
-7.238813597e+02
-1.213867192e+03
-1.736668802e+03
-2.286492621e+03
-2.855098951e+03
-3.431814423e+03
-4.003737899e+03
-4.556152422e+03
-5.073155564e+03
-5.538444944e+03
-5.936216265e+03
-6.252107443e+03
-6.474096466e+03
-6.593279726e+03
-6.604454287e+03
-6.506488111e+03
-6.302478675e+03
-5.999692748e+03
-5.609299322e+03
-5.145860714e+03
-4.626604321e+03
-4.070541773e+03
-3.497460210e+03
-2.926895575e+03
-2.377160824e+03
-1.864438600e+03
-1.402044989e+03
-9.999473917e+02
-6.645541468e+02
-3.987245425e+02
-2.019297581e+02
-7.058142119e+01
1.499854369e+00
2.249239926e+01
1.828414410e+00
-5.059103846e+01
-1.251299205e+02
-2.130832365e+02
-3.071802158e+02
-4.018505541e+02
-4.932560735e+02
-5.791607695e+02
-6.587428925e+02
-7.324425313e+02
-8.018643568e+02
-8.695474942e+02
-9.385375458e+02
-1.011917914e+03
-1.092293536e+03
-1.181307401e+03
-1.279405479e+03
-1.385801863e+03
-1.498585955e+03
-1.614985027e+03
-1.731628558e+03
-1.844715192e+03
-1.950171207e+03
-2.043866581e+03
-2.121855126e+03
-2.180668239e+03
-2.217650369e+03
-2.231144576e+03
-2.220525046e+03
-2.186167925e+03
-2.129269874e+03
-2.051587387e+03
-1.955222338e+03
-1.842401367e+03
-1.715291147e+03
-1.575889003e+03
-1.425957218e+03
-1.267041418e+03
-1.100563445e+03
-9.279391671e+02
-7.506928445e+02
-5.705494892e+02
-3.895110433e+02
-2.099035853e+02
-3.441006357e+01
1.339129934e+02
2.916598583e+02
4.351499818e+02
5.606179592e+02
6.645108856e+02
7.438356758e+02
7.966007264e+02
8.222540672e+02
8.219852011e+02
7.989343587e+02
7.582758470e+02
7.071464778e+02
6.544835918e+02
6.107457966e+02
5.875109364e+02
5.970114377e+02
6.515915923e+02
7.630564731e+02
9.419685429e+02
1.196967238e+03
1.534125478e+03
1.956429223e+03
2.463500384e+03
3.051507449e+03
3.713227997e+03
4.438313780e+03
5.213689104e+03
6.024039389e+03
6.852381850e+03
7.680651750e+03
8.490316321e+03
9.263032569e+03
9.981281881e+03
1.062892930e+04
1.119167467e+04
1.165736446e+04
1.201612721e+04
1.226034689e+04
1.238454601e+04
1.238519216e+04
1.226046148e+04
1.201003130e+04
1.163487914e+04
1.113709683e+04
1.051976883e+04
9.786905120e+03
8.943453923e+03
7.995439040e+03
6.950196935e+03
5.816645905e+03
4.605539943e+03
3.329694538e+03
2.004130133e+03
6.461040919e+02
-7.249410396e+02
-2.087581879e+03
-3.418811086e+03
-4.694583001e+03
-5.890544904e+03
-6.982931143e+03
-7.949512421e+03
-8.770553721e+03
-9.429705148e+03
-9.914749027e+03
-1.021819748e+04
-1.033773960e+04
-1.027650145e+04
-1.004305722e+04
-9.651177242e+03
-9.119304980e+03
-8.469742939e+03
-7.727631528e+03
-6.919804082e+03
-6.073565681e+03
-5.215519903e+03
-4.370499408e+03
-3.560612827e+03
-2.804465899e+03
-2.116584316e+03
-1.507083571e+03
-9.816245744e+02
-5.416491202e+02
-1.848843995e+02
9.395038148e+01
3.022960729e+02
4.488339313e+02
5.425973748e+02
5.921404703e+02
6.048073965e+02
5.861759864e+02
5.396873563e+02
4.665160792e+02
3.657002382e+02
2.344837407e+02
6.884989935e+01
-1.358094532e+02
-3.839544500e+02
-6.791395262e+02
-1.023301914e+03
-1.416146585e+03
-1.854699595e+03
-2.333054023e+03
-2.842314984e+03
-3.370801639e+03
-3.904479995e+03
-4.427580864e+03
-4.923388835e+03
-5.375120507e+03
-5.766846529e+03
-6.084415779e+03
-6.316289909e+03
-6.454228743e+03
-6.493775090e+03
-6.434519046e+03
-6.280142563e+03
-6.038221424e+03
-5.719807577e+03
-5.338798368e+03
-4.911114791e+03
-4.453779511e+03
-3.983962209e+03
-3.518048887e+03
-3.070790320e+03
-2.654585685e+03
-2.278982828e+03
-1.950421243e+03
-1.672190554e+03
-1.444555061e+03
-1.265023509e+03
-1.128789181e+03
-1.029284582e+03
-9.588234109e+02
-9.093542195e+02
-8.731865310e+02
-8.435806493e+02
-8.152195241e+02
-7.844836337e+02
-7.494810884e+02
-7.099204371e+02
-6.668937356e+02
-6.226352168e+02
-5.803394796e+02
-5.439467110e+02
-5.177414235e+02
-5.058652324e+02
-5.118409892e+02
-5.380797033e+02
-5.855689881e+02
-6.538572509e+02
-7.411445691e+02
-8.444753982e+02
-9.600487822e+02
-1.083464248e+03
-1.209912662e+03
-1.334422057e+03
-1.452116775e+03
-1.558517936e+03
-1.649927378e+03
-1.723701777e+03
-1.778309707e+03
-1.813313437e+03
-1.829240607e+03
-1.827291494e+03
-1.809073515e+03
-1.776383216e+03
-1.730973379e+03
-1.674405875e+03
-1.607972967e+03
-1.532654409e+03
-1.449166630e+03
-1.358046146e+03
-1.259722940e+03
-1.154622798e+03
-1.043290409e+03
-9.265020267e+02
-8.053874475e+02
-6.815561416e+02
-5.571617534e+02
-4.349010663e+02
-3.179236445e+02
-2.095917578e+02
-1.131665240e+02
-3.144274040e+01
3.367775863e+01
8.151841906e+01
1.128573914e+02
1.301280530e+02
1.375072010e+02
1.408909016e+02
1.477899917e+02
1.671065106e+02
2.088050833e+02
2.834978773e+02
4.019169208e+02
5.742759056e+02
8.096117280e+02
1.115173879e+03
1.495858787e+03
1.953804406e+03
2.488202402e+03
3.095234082e+03
3.768144792e+03
4.497466427e+03
5.271331964e+03
6.075867948e+03
6.895637768e+03
7.714161427e+03
8.514504782e+03
9.279863068e+03
9.994139283e+03
1.064244838e+04
1.121147238e+04
1.168969067e+04
1.206746329e+04
1.233700649e+04
1.249232879e+04
1.252911176e+04
1.244456140e+04
1.223726292e+04
1.190706102e+04
1.145495925e+04
1.088303074e+04
1.019442918e+04
9.393498470e+03
8.485938843e+03
7.479058827e+03
6.382032107e+03
5.206106235e+03
3.964761512e+03
2.673757317e+03
1.351096790e+03
1.688803488e+01
-1.306973280e+03
-2.597264646e+03
-3.830058861e+03
-4.981502135e+03
-6.028680766e+03
-6.950551085e+03
-7.728844607e+03
-8.348867970e+03
-8.800169952e+03
-9.077053374e+03
-9.178928880e+03
-9.110442035e+03
-8.881355534e+03
-8.506198043e+03
-8.003612493e+03
-7.395485836e+03
-6.705947426e+03
-5.960237093e+03
-5.183572511e+03
-4.400078753e+03
-3.631788418e+03
-2.897812685e+03
-2.213700476e+03
-1.590995993e+03
-1.037054799e+03
-5.551516509e+02
-1.448717888e+02
1.973027647e+02
4.772406172e+02
7.022853118e+02
8.803914770e+02
1.019292592e+03
1.125737968e+03
1.204885783e+03
1.259840175e+03
1.291404622e+03
1.298092287e+03
1.276349331e+03
1.221012178e+03
1.125949072e+03
9.848005845e+02
7.917659834e+02
5.423670106e+02
2.341417024e+02
-1.328087155e+02
-5.554430062e+02
-1.027574265e+03
-1.539912318e+03
-2.080319034e+03
-2.634259524e+03
-3.185501359e+03
-3.716945897e+03
-4.211525467e+03
-4.653155286e+03
-5.027635760e+03
-5.323445158e+03
-5.532364833e+03
-5.649900171e+03
-5.675482283e+03
-5.612408734e+03
-5.467576645e+03
-5.251023920e+03
-4.975263201e+03
-4.654497704e+03
-4.303758808e+03
-3.938016687e+03
-3.571324458e+03
-3.216025723e+03
-2.882137955e+03
-2.576962286e+03
-2.304960885e+03
-2.067891920e+03
-1.865035365e+03
-1.693546229e+03
-1.548963337e+03
-1.425731898e+03
-1.317818772e+03
-1.219403803e+03
-1.125466786e+03
-1.032277098e+03
-9.377488559e+02
-8.415356782e+02
-7.448628889e+02
-6.502320417e+02
-5.611025288e+02
-4.815602276e+02
-4.160554480e+02
-3.690989788e+02
-3.447564355e+02
-3.461722695e+02
-3.751552744e+02
-4.317838100e+02
-5.143293721e+02
-6.194245975e+02
-7.422851556e+02
-8.770913661e+02
-1.017403399e+03
-1.156490867e+03
-1.287678850e+03
-1.404733291e+03
-1.502240931e+03
-1.575979977e+03
-1.623279735e+03
-1.643181212e+03
-1.636334387e+03
-1.604821970e+03
-1.551825971e+03
-1.481178455e+03
-1.397034292e+03
-1.303500952e+03
-1.204252846e+03
-1.102318314e+03
-9.999073468e+02
-8.983296945e+02
-7.980633377e+02
-6.988580633e+02
-5.999009316e+02
-5.000308823e+02
-3.979849410e+02
-2.926714802e+02
-1.834322693e+02
-7.030246120e+01
4.582973946e+01
1.631688582e+02
2.790441023e+02
3.901576044e+02
4.929367677e+02
5.839212138e+02
6.602392238e+02
7.200015990e+02
7.626229386e+02
7.891341732e+02
8.023722154e+02
8.070834852e+02
8.099106770e+02
8.192120359e+02
8.447855293e+02
8.974526779e+02
9.884950123e+02
1.128975331e+03
1.328984792e+03
1.596945354e+03
1.938988314e+03
2.358479145e+03
2.855756331e+03
3.427984249e+03
4.069164125e+03
4.770322416e+03
5.519773713e+03
6.303483913e+03
7.105536147e+03
7.908690545e+03
8.695053359e+03
9.446779317e+03
1.014674751e+04
1.077912940e+04
1.132979658e+04
1.178659366e+04
1.213945293e+04
1.238040035e+04
1.250350752e+04
1.250475385e+04
1.238187282e+04
1.213421332e+04
1.176254312e+04
1.126884381e+04
1.065616726e+04
9.928563350e+03
9.091101419e+03
8.150001547e+03
7.112829628e+03
5.988697514e+03
4.788464917e+03
3.524916305e+03
2.212855134e+03
8.691089429e+02
-4.875798172e+02
-1.836811136e+03
-3.156939257e+03
-4.425643309e+03
-5.620630911e+03
-6.720422697e+03
-7.705154744e+03
-8.557345718e+03
-9.262612572e+03
-9.810312183e+03
-1.019407160e+04
-1.041215940e+04
-1.046764971e+04
-1.036833640e+04
-1.012635370e+04
-9.757554143e+03
-9.280716284e+03
-8.716599846e+03
-8.086951923e+03
-7.413535477e+03
-6.717173817e+03
-6.016901288e+03
-5.329255084e+03
-4.667701253e+03
-4.042282056e+03
-3.459516815e+03
-2.922542956e+03
-2.431495264e+03
-1.984087779e+03
-1.576335245e+03
-1.203326012e+03
-8.600114989e+02
-5.419574196e+02
-2.459562569e+02
2.949015182e+01
2.838668437e+02
5.145985838e+02
7.171702014e+02
8.854114922e+02
1.012005581e+03
1.089136770e+03
1.109218512e+03
1.065665836e+03
9.536332343e+02
7.706419118e+02
5.170399230e+02
1.962820412e+02
-1.850094818e+02
-6.172116131e+02
-1.088032302e+03
-1.583046100e+03
-2.086416880e+03
-2.581704295e+03
-3.052750523e+03
-3.484569697e+03
-3.864130908e+03
-4.181039025e+03
-4.428039170e+03
-4.601282308e+03
-4.700404456e+03
-4.728402338e+03
-4.691279541e+03
-4.597521360e+03
-4.457440227e+03
-4.282399977e+03
-4.083976549e+03
-3.873178460e+03
-3.659767696e+03
-3.451675301e+03
-3.254579557e+03
-3.071689236e+03
-2.903764576e+03
-2.749379597e+03
-2.605300720e+03
-2.466945686e+03
-2.328960415e+03
-2.185808682e+03
-2.032346778e+03
-1.864418194e+03
-1.679358594e+03
-1.476338093e+03
-1.256532770e+03
-1.023060392e+03
-7.806769602e+02
-5.353256858e+02
-2.936590887e+02
-6.263492731e+01
1.508366913e+02
3.402857607e+02
5.001258381e+02
6.261037085e+02
7.157001659e+02
7.683887320e+02
7.856592993e+02
7.708286267e+02
7.287003579e+02
6.651135790e+02
5.865240914e+02
4.996866121e+02
4.113005682e+02
3.276149712e+02
2.540564216e+02
1.948352357e+02
1.526644741e+02
1.287397316e+02
1.228853218e+02
1.338322069e+02
1.596120518e+02
1.979294014e+02
2.464798678e+02
3.032484757e+02
3.667539778e+02
4.362260565e+02
5.117239081e+02
5.941350362e+02
6.850002775e+02
7.862584737e+02
8.999535046e+02
1.027840610e+03
1.170999106e+03
1.329538910e+03
1.502337718e+03
1.686868936e+03
1.879164721e+03
2.073887559e+03
2.264572168e+03
2.444007800e+03
2.604695214e+03
2.739394226e+03
2.841711471e+03
2.906673894e+03
2.931265033e+03
2.914887464e+03
2.859714599e+03
2.770862310e+03
2.656353297e+03
2.526879360e+03
2.395369405e+03
2.276421625e+03
2.185577720e+03
2.138455664e+03
2.149882730e+03
2.233040011e+03
2.398658155e+03
2.654398152e+03
3.004379766e+03
3.448842286e+03
3.984039406e+03
4.602362762e+03
5.292625379e+03
