0
-1
-1
-1
-1
-1
-1
-1
-1
-1
-2
-2
-3
-3
-4
-4
-5
-6
-6
-7
-9
-10
-11
-13
-14
-16
-19
-21
-24
-27
-30
-34
-38
-43
-48
-53
-59
-66
-73
-80
-88
-96
-105
-113
-122
-132
-141
-151
-160
-169
-179
-188
-197
-206
-214
-221
-227
-232
-235
-237
-237
-234
-230
-223
-213
-200
-184
-164
-141
-114
-83
-47
-8
37
86
140
199
264
333
408
489
574
665
761
862
968
1079
1194
1313
1436
1563
1693
1826
1961
2098
2237
2376
2517
2657
2796
2934
3070
3203
3334
3461
3584
3702
3815
3922
4023
4116
4202
4280
4350
4411
4462
4504
4535
4557
4568
4568
4557
4536
4503
4460
4406
4340
4265
4178
4082
3975
3859
3733
3598
3455
3303
3144
2977
2804
2625
2441
2251
2058
1860
1660
1457
1253
1047
842
636
431
228
26
-173
-368
-560
-748
-931
-1109
-1282
-1449
-1609
-1763
-1911
-2051
-2184
-2309
-2427
-2537
-2639
-2734
-2821
-2900
-2971
-3035
-3091
-3139
-3181
-3215
-3243
-3264
-3278
-3287
-3290
-3287
-3279
-3266
-3248
-3226
-3200
-3171
-3137
-3101
-3062
-3020
-2976
-2930
-2882
-2833
-2783
-2732
-2680
-2627
-2574
-2522
-2469
-2416
-2364
-2312
-2261
-2210
-2161
-2112
-2065
-2019
-1974
-1930
-1887
-1845
-1804
-1764
-1725
-1688
-1651
-1616
-1582
-1548
-1516
-1485
-1454
-1424
-1393
-1363
-1333
-1302
-1270
-1237
-1204
-1169
-1133
-1095
-1055
-1013
-969
-922
-873
-821
-765
-706
-643
-576
-505
-429
-349
-264
-175
-81
17
120
228
341
458
579
704
833
965
1100
1238
1379
1521
1666
1812
1958
2104
2250
2394
2537
2678
2817
2952
3083
3209
3330
3445
3554
3656
3751
3837
3915
3984
4044
4094
4133
4162
4180
4188
4185
4170
4145
4109
4062
4003
3935
3855
3766
3666
3557
3438
3310
3174
3030
2878
2720
2555
2385
2209
2029
1846
1659
1470
1279
1087
895
702
511
320
132
-53
-236
-415
-590
-760
-926
-1086
-1240
-1389
-1531
-1666
-1795
-1917
-2032
-2139
-2240
-2333
-2419
-2498
-2569
-2634
-2692
-2743
-2787
-2826
-2858
-2884
-2905
-2921
-2932
-2938
-2939
-2937
-2931
-2921
-2909
-2893
-2875
-2855
-2833
-2809
-2783
-2757
-2729
-2701
-2672
-2643
-2614
-2585
-2556
-2527
-2499
-2471
-2443
-2417
-2390
-2365
-2340
-2316
-2293
-2270
-2249
-2228
-2207
-2187
-2168
-2148
-2129
-2111
-2092
-2073
-2055
-2036
-2017
-1998
-1978
-1959
-1938
-1917
-1895
-1872
-1847
-1821
-1792
-1762
-1729
-1694
-1657
-1617
-1575
-1529
-1480
-1428
-1373
-1313
-1251
-1184
-1112
-1036
-956
-871
-781
-686
-586
-482
-372
-258
-138
-15
114
247
383
524
668
816
966
1120
1275
1432
1591
1750
1909
2069
2227
2384
2539
2691
2840
2985
3126
3262
3392
3515
3632
3741
3842
3934
4018
4091
4155
4209
4251
4283
4303
4312
4309
4295
4269
4232
4182
4121
4049
3966
3872
3767
3651
3526
3391
3247
3094
2934
2766
2591
2410
2223
2031
1835
1636
1434
1229
1024
817
610
403
198
-5
-206
-405
-599
-790
-976
-1158
-1334
-1504
-1668
-1825
-1976
-2119
-2256
-2385
-2506
-2620
-2727
-2825
-2916
-2999
-3075
-3143
-3204
-3258
-3305
-3345
-3379
-3407
-3428
-3444
-3454
-3459
-3460
-3456
-3448
-3435
-3420
-3400
-3378
-3353
-3326
-3297
-3265
-3232
-3198
-3162
-3126
-3088
-3050
-3012
-2974
-2935
-2896
-2857
-2819
-2781
-2743
-2705
-2669
-2632
-2597
-2562
-2527
-2493
-2460
-2428
-2395
-2364
-2332
-2301
-2271
-2241
-2211
-2181
-2152
-2123
-2094
-2065
-2036
-2007
-1978
-1947
-1916
-1884
-1851
-1816
-1780
-1743
-1704
-1662
-1619
-1573
-1525
-1475
-1422
-1365
-1306
-1242
-1175
-1104
-1028
-949
-865
-776
-683
-585
-482
-375
-263
-146
-25
101
232
366
504
646
791
940
1091
1245
1401
1558
1716
1874
2033
2191
2348
2503
2656
2806
2952
3095
3232
3365
3491
3611
3724
3829
3926
4014
4094
4163
4223
4273
4312
4340
4358
4364
4360
4344
4317
4279
4230
4170
4099
4018
3926
3825
3714
3594
3465
3328
3184
3032
2874
2710
2541
2367
2189
2008
1825
1639
1452
1264
1076
888
702
517
335
155
-21
-194
-363
-526
-685
-839
-987
-1128
-1264
-1393
-1516
-1632
-1742
-1844
-1940
-2029
-2111
-2187
-2256
-2318
-2375
-2425
-2470
-2509
-2542
-2571
-2594
-2613
-2628
-2639
-2646
-2650
-2650
-2648
-2643
-2636
-2626
-2615
-2602
-2588
-2573
-2557
-2540
-2522
-2504
-2486
-2468
-2449
-2430
-2411
-2393
-2374
-2356
-2338
-2320
-2302
-2284
-2267
-2250
-2233
-2216
-2198
-2181
-2163
-2145
-2127
-2108
-2088
-2068
-2048
-2026
-2004
-1981
-1957
-1933
-1907
-1880
-1851
-1821
-1788
-1754
-1717
-1679
-1638
-1594
-1548
-1499
-1447
-1392
-1335
-1274
-1210
-1142
-1070
-994
-914
-830
-741
-648
-551
-449
-342
-231
-115
5
129
258
391
527
668
812
959
1109
1261
1416
1573
1731
1890
2049
2208
2366
2523
2679
2832
2981
3128
3269
3406
3538
3663
3781
3892
3996
4090
4176
4251
4317
4372
4416
4449
4471
4480
4478
4464
4437
4399
4348
4285
4210
4123
4025
3916
3795
3664
3523
3372
3211
3042
2866
2682
2491
2294
2092
1886
1676
1463
1248
1031
814
597
381
166
-47
-257
-463
-665
-862
-1053
-1239
-1418
-1591
-1756
-1914
-2064
-2206
-2339
-2464
-2580
-2687
-2785
-2875
-2956
-3028
-3091
-3146
-3193
-3232
-3263
-3287
-3303
-3313
-3317
-3314
-3306
-3292
-3273
-3250
-3223
-3192
-3158
-3120
-3080
-3037
-2993
-2946
-2899
-2850
-2800
-2750
-2700
-2649
-2599
-2548
-2498
-2448
-2398
-2350
-2301
-2253
-2206
-2159
-2113
-2067
-2022
-1978
-1933
-1889
-1845
-1801
-1757
-1713
-1668
-1623
-1577
-1531
-1484
-1436
-1388
-1338
-1288
-1236
-1184
-1130
-1075
-1018
-960
-900
-838
-774
-708
-640
-570
-497
-423
-346
-267
-186
-102
-16
72
164
258
356
456
560
667
777
890
1006
1125
1247
1373
1501
1633
1767
1904
2043
2185
2329
2475
2623
2772
2922
3074
3225
3377
3528
3679
3828
3976
4121
4264
4404
4540
4671
4798
4920
5035
5145
5247
5342
5429
5508
5577
5637
5688
5728
