0
-1
-1
-1
-1
-1
-2
-2
-3
-3
-4
-4
-5
-5
-5
-5
-4
-3
-2
-1
0
0
1
1
1
0
-1
-3
-6
-9
-13
-17
-21
-26
-29
-32
-35
-36
-35
-32
-28
-20
-11
1
13
25
37
47
55
60
60
55
46
31
12
-10
-33
-55
-76
-92
-103
-108
-104
-92
-71
-41
-5
37
81
124
162
193
212
218
208
181
138
80
10
-69
-152
-232
-304
-362
-397
-407
-385
-331
-243
-123
25
196
383
578
771
953
1116
1250
1351
1413
1436
1423
1380
1314
1237
1164
1110
1090
1121
1218
1394
1659
2021
2483
3044
3697
4433
5237
6093
6981
7877
8761
9608
10396
11107
11720
12221
12597
12840
12943
12904
12722
12401
11945
11359
10651
9829
8902
7879
6769
5585
4338
3042
1710
360
-992
-2324
-3618
-4851
-6001
-7046
-7965
-8738
-9350
-9788
-10043
-10112
-9997
-9705
-9249
-8646
-7919
-7094
-6197
-5258
-4308
-3372
-2478
-1647
-898
-244
305
747
1081
1311
1446
1494
1467
1375
1229
1039
811
551
262
-54
-398
-772
-1177
-1614
-2084
-2584
-3111
-3658
-4215
-4770
-5308
-5813
-6267
-6653
-6954
-7155
-7246
-7217
-7067
-6795
-6409
-5918
-5339
-4689
-3990
-3265
-2538
-1831
-1164
-556
-21
431
792
1063
1243
1339
1360
1316
1220
1085
922
743
557
374
198
35
-114
-249
-371
-483
-588
-691
-793
-897
-1004
-1114
-1225
-1337
-1446
-1549
-1643
-1723
-1786
-1827
-1846
-1840
-1809
-1754
-1677
-1579
-1463
-1332
-1188
-1035
-875
-712
-549
-389
-235
-89
45
167
273
362
432
481
508
513
497
463
414
357
299
249
217
213
249
336
484
704
1002
1384
1853
2409
3046
3757
4532
5356
6215
7090
7963
8813
9622
10371
11043
11620
12091
12443
12669
12762
12719
12538
12220
11768
11185
10476
9647
8706
7661
6522
5300
4009
2663
1278
-126
-1531
-2913
-4249
-5516
-6690
-7747
-8664
-9424
-10010
-10410
-10618
-10632
-10455
-10098
-9576
-8906
-8114
-7226
-6271
-5277
-4274
-3290
-2349
-1472
-677
24
623
1116
1504
1791
1984
2091
2122
2085
1991
1847
1659
1431
1165
862
522
145
-271
-725
-1215
-1737
-2287
-2856
-3432
-4004
-4557
-5074
-5539
-5937
-6253
-6475
-6594
-6605
-6507
-6303
-6000
-5610
-5146
-4627
-4071
-3498
-2927
-2378
-1865
-1403
-1000
-665
-399
-202
-71
1
22
1
-51
-126
-214
-308
-403
-494
-580
-659
-733
-802
-870
-939
-1012
-1093
-1182
-1280
-1386
-1499
-1616
-1732
-1845
-1951
-2045
-2123
-2181
-2218
-2232
-2221
-2187
-2130
-2052
-1956
-1843
-1716
-1576
-1426
-1267
-1101
-928
-751
-571
-390
-210
-35
134
291
435
560
664
743
796
822
822
799
758
707
654
610
587
597
651
763
942
1197
1534
1956
2463
3051
3712
4438
5213
6023
6852
7680
8490
9262
9981
10628
11191
11657
12015
12260
12384
12385
12260
12009
11634
11136
10519
9786
8943
7995
6950
5816
4605
3329
2004
646
-725
-2088
-3419
-4695
-5891
-6983
-7950
-8771
-9430
-9915
-10219
-10338
-10277
-10043
-9651
-9120
-8470
-7728
-6920
-6074
-5216
-4371
-3561
-2805
-2117
-1508
-982
-542
-185
93
302
448
542
592
604
586
539
466
365
234
68
-136
-385
-680
-1024
-1417
-1855
-2334
-2843
-3371
-3905
-4428
-4924
-5376
-5767
-6085
-6317
-6455
-6494
-6435
-6281
-6039
-5720
-5339
-4912
-4454
-3984
-3519
-3071
-2655
-2279
-1951
-1673
-1445
-1265
-1129
-1030
-959
-910
-874
-844
-816
-785
-750
-711
-667
-623
-581
-544
-518
-506
-512
-539
-586
-654
-742
-845
-961
-1084
-1211
-1335
-1453
-1559
-1650
-1724
-1779
-1814
-1830
-1828
-1809
-1777
-1731
-1675
-1608
-1533
-1450
-1358
-1260
-1155
-1044
-927
-806
-682
-557
-435
-318
-210
-114
-32
33
81
112
130
137
141
147
167
208
283
401
574
809
1115
1495
1953
2488
3095
3767
4497
5271
6075
6895
7714
8514
9279
9993
10642
11211
11689
12067
12336
12492
12528
12444
12237
11906
11454
10882
10194
9393
8485
7479
6382
5206
3964
2673
1351
16
-1307
-2598
-3830
-4982
-6029
-6951
-7729
-8349
-8801
-9077
-9179
-9111
-8882
-8506
-8004
-7396
-6706
-5961
-5184
-4400
-3632
-2898
-2214
-1591
-1037
-556
-145
197
477
702
880
1019
1125
1204
1259
1291
1298
1276
1220
1125
984
791
542
233
-133
-556
-1028
-1541
-2081
-2635
-3186
-3718
-4212
-4654
-5028
-5324
-5533
-5650
-5676
-5613
-5468
-5252
-4976
-4655
-4304
-3939
-3572
-3217
-2883
-2577
-2305
-2068
-1865
-1694
-1549
-1426
-1318
-1220
-1126
-1033
-938
-842
-745
-651
-562
-482
-417
-370
-345
-347
-376
-432
-515
-620
-743
-878
-1018
-1157
-1288
-1405
-1503
-1577
-1624
-1644
-1637
-1605
-1552
-1482
-1397
-1304
-1205
-1103
-1000
-899
-799
-699
-600
-500
-398
-293
-184
-71
46
163
279
390
493
584
660
720
762
789
802
807
810
819
844
897
988
1129
1329
1596
1938
2358
2855
3427
4068
4770
5519
6303
7105
7908
8694
9446
10146
10778
11329
11786
12139
12380
12503
12504
12381
12133
11762
11268
10655
9928
9091
8149
7112
5988
4788
3524
2212
869
-488
-1837
-3157
-4426
-5621
-6721
-7706
-8558
-9263
-9811
-10194
-10412
-10468
-10369
-10127
-9758
-9281
-8717
-8087
-7414
-6717
-6017
-5330
-4668
-4043
-3460
-2923
-2432
-1985
-1577
-1204
-861
-543
-247
29
283
514
717
885
1011
1089
1109
1065
953
770
516
196
-186
-618
-1089
-1584
-2087
-2582
-3053
-3485
-3865
-4181
-4429
-4602
-4701
-4729
-4692
-4598
-4458
-4283
-4084
-3874
-3660
-3452
-3255
-3072
-2904
-2750
-2606
-2467
-2329
-2186
-2033
-1865
-1680
-1477
-1257
-1024
-781
-536
-294
-63
150
340
500
626
715
768
785
770
728
665
586
499
411
327
253
194
152
128
122
133
159
197
246
303
366
436
511
594
685
786
899
1027
1171
1329
1502
1686
1879
2074
2264
2444
2604
2739
2841
2906
2931
2915
2859
2771
2656
2527
2395
2276
2185
2138
2149
2233
2398
2654
3004
3448
3983
4602
5292
