-1.721448795e-17
-4.659447169e-03
-1.715668972e-02
-4.466678769e-02
-9.647655180e-02
-1.808747827e-01
-3.042285909e-01
-4.709612032e-01
-6.839046511e-01
-9.466685153e-01
-1.263284706e+00
-1.636975652e+00
-2.069832198e+00
-2.559966561e+00
-3.103528324e+00
-3.701684850e+00
-4.363756611e+00
-5.105950263e+00
-5.947995808e+00
-6.910009017e+00
-8.008096958e+00
-9.253095532e+00
-1.065511092e+01
-1.222448821e+01
-1.397429619e+01
-1.592555284e+01
-1.810413131e+01
-2.053866931e+01
-2.325936212e+01
-2.629227360e+01
-2.966057820e+01
-3.338897021e+01
-3.750537861e+01
-4.204284494e+01
-4.703901840e+01
-5.253199938e+01
-5.854944818e+01
-6.509529871e+01
-7.214142320e+01
-7.963072887e+01
-8.749943186e+01
-9.569647454e+01
-1.041867636e+02
-1.129501864e+02
-1.219670855e+02
-1.312005215e+02
-1.405955820e+02
-1.500832759e+02
-1.595914128e+02
-1.690613689e+02
-1.784472461e+02
-1.876945351e+02
-1.967121357e+02
-2.053525881e+02
-2.134074161e+02
-2.206272683e+02
-2.267625209e+02
-2.315870248e+02
-2.349029232e+02
-2.365382273e+02
-2.363220655e+02
-2.340594703e+02
-2.295256572e+02
-2.224686655e+02
-2.126254987e+02
-1.997439349e+02
-1.835939496e+02
-1.639683781e+02
-1.406773302e+02
-1.135424016e+02
-8.238482453e+01
-4.701525101e+01
-7.236626313e+00
3.715252713e+01
8.634804057e+01
1.405217587e+02
1.998109925e+02
2.643107168e+02
3.340730164e+02
4.091150758e+02
4.894275975e+02
5.749879117e+02
6.657634322e+02
7.617006772e+02
8.627122281e+02
9.686607001e+02
1.079349530e+03
1.194525956e+03
1.313891298e+03
1.437116924e+03
1.563856783e+03
1.693757451e+03
1.826458917e+03
1.961578866e+03
2.098698532e+03
2.237350048e+03
2.377008401e+03
2.517105312e+03
2.657051254e+03
2.796254494e+03
2.934137051e+03
3.070140094e+03
3.203717576e+03
3.334320368e+03
3.461384629e+03
3.584329388e+03
3.702557117e+03
3.815467602e+03
3.922476240e+03
4.023021072e+03
4.116567304e+03
4.202607846e+03
4.280658869e+03
4.350257899e+03
4.410966432e+03
4.462375917e+03
4.504111986e+03
4.535842572e+03
4.557287592e+03
4.568216635e+03
4.568447963e+03
4.557852421e+03
4.536348853e+03
4.503899740e+03
4.460510982e+03
4.406228496e+03
4.341135257e+03
4.265353450e+03
4.179047966e+03
4.082426770e+03
3.975744150e+03
3.859305279e+03
3.733462656e+03
3.598610811e+03
3.455178923e+03
3.303619554e+03
3.144405568e+03
2.978032962e+03
2.805023855e+03
2.625931277e+03
2.441340213e+03
2.251862742e+03
2.058129827e+03
1.860781091e+03
1.660456454e+03
1.457793353e+03
1.253428415e+03
1.047998128e+03
8.421394971e+02
6.364875786e+02
4.316655200e+02
2.282783881e+02
2.691170185e+01
-1.718719270e+02
-3.675308310e+02
-5.595413658e+02
-7.474020328e+02
-9.306379113e+02
-1.108802300e+03
-1.281479256e+03
-1.448286523e+03
-1.608874123e+03
-1.762922861e+03
-1.910147401e+03
-2.050298140e+03
-2.183163138e+03
-2.308570422e+03
-2.426385737e+03
-2.536510702e+03
-2.638879266e+03
-2.733453026e+03
-2.820221925e+03
-2.899205463e+03
-2.970454207e+03
-3.034051202e+03
-3.090110253e+03
-3.138776180e+03
-3.180222551e+03
-3.214644391e+03
-3.242252771e+03
-3.263272908e+03
-3.277945123e+03
-3.286524070e+03
-3.289278918e+03
-3.286494783e+03
-3.278466524e+03
-3.265491842e+03
-3.247868445e+03
-3.225892320e+03
-3.199861545e+03
-3.170078794e+03
-3.136850436e+03
-3.100484982e+03
-3.061290025e+03
-3.019562030e+03
-2.975591743e+03
-2.929658268e+03
-2.882026463e+03
-2.832949024e+03
-2.782668388e+03
-2.731420422e+03
-2.679436256e+03
-2.626935967e+03
-2.574121012e+03
-2.521176898e+03
-2.468276120e+03
-2.415577257e+03
-2.363233857e+03
-2.311401122e+03
-2.260230279e+03
-2.209865306e+03
-2.160433303e+03
-2.112021594e+03
-2.064670320e+03
-2.018387925e+03
-1.973170232e+03
-1.929018211e+03
-1.885949366e+03
-1.843989218e+03
-1.803154180e+03
-1.763445078e+03
-1.724847250e+03
-1.687335579e+03
-1.650889497e+03
-1.615504664e+03
-1.581185803e+03
-1.547922664e+03
-1.515659312e+03
-1.484268862e+03
-1.453547524e+03
-1.423236418e+03
-1.393063460e+03
-1.362783590e+03
-1.332197483e+03
-1.301144480e+03
-1.269475323e+03
-1.237017468e+03
-1.203558166e+03
-1.168852758e+03
-1.132644404e+03
-1.094693082e+03
-1.054800229e+03
-1.012803840e+03
-9.685507868e+02
-9.218647252e+02
-8.725175867e+02
-8.202202130e+02
-7.646480253e+02
-7.054857446e+02
-6.424598302e+02
-5.753575509e+02
-5.040327853e+02
-4.283841928e+02
-3.483258686e+02
-2.637727184e+02
-1.746337728e+02
-8.081937370e+01
1.773403143e+01
1.210395400e+02
2.290467205e+02
3.416344701e+02
4.586133414e+02
5.797488032e+02
7.047874860e+02
8.334691040e+02
9.655379840e+02
1.100741661e+03
1.238804572e+03
1.379404100e+03
1.522154385e+03
1.666594330e+03
1.812196518e+03
1.958397873e+03
2.104631740e+03
2.250345342e+03
2.395004128e+03
2.538081042e+03
2.679032472e+03
2.817282081e+03
2.952215457e+03
3.083184402e+03
3.209531756e+03
3.330619482e+03
3.445846037e+03
3.554655131e+03
3.656527348e+03
3.750960093e+03
3.837449837e+03
3.915484748e+03
3.984555082e+03
4.044177358e+03
4.093924186e+03
4.133446787e+03
4.162482031e+03
4.180846603e+03
4.188415804e+03
4.185100554e+03
4.170837321e+03
4.145584107e+03
4.109328189e+03
4.062103397e+03
4.003997607e+03
3.935153117e+03
3.855765589e+03
3.766078743e+03
3.666377903e+03
3.556988576e+03
3.438278689e+03
3.310655875e+03
3.174566877e+03
3.030500004e+03
2.878977082e+03
2.720549226e+03
2.555802377e+03
2.385354317e+03
2.209847638e+03
2.029944431e+03
1.846313544e+03
1.659617436e+03
1.470508919e+03
1.279632228e+03
1.087623834e+03
8.951184793e+02
7.027557636e+02
5.111749704e+02
3.210027758e+02
1.328383463e+02
-5.275981161e+01
-2.352733246e+02
-4.142155754e+02
-5.891240375e+02
-7.595520542e+02
-9.250672489e+02
-1.085259179e+03
-1.239750027e+03
-1.388204587e+03
-1.530334670e+03
-1.665896019e+03
-1.794683414e+03
-1.916527977e+03
-2.031294720e+03
-2.138884888e+03
-2.239242307e+03
-2.332351689e+03
-2.418233977e+03
-2.496945249e+03
-2.568570646e+03
-2.633219442e+03
-2.691027391e+03
-2.742156872e+03
-2.786794503e+03
-2.825150096e+03
-2.857453886e+03
-2.883951542e+03
-2.904903483e+03
-2.920586845e+03
-2.931292939e+03
-2.937325322e+03
-2.938997901e+03
-2.936628107e+03
-2.930532998e+03
-2.921023992e+03
-2.908399102e+03
-2.892943786e+03
-2.874937613e+03
-2.854660810e+03
-2.832396737e+03
-2.808428988e+03
-2.783037844e+03
-2.756490560e+03
-2.729030610e+03
-2.700875033e+03
-2.672214321e+03
-2.643217485e+03
-2.614041288e+03
-2.584837127e+03
-2.555753302e+03
-2.526927695e+03
-2.498477825e+03
-2.470495742e+03
-2.443049567e+03
-2.416194410e+03
-2.389979921e+03
-2.364452008e+03
-2.339653678e+03
-2.315616905e+03
-2.292356845e+03
-2.269870296e+03
-2.248125550e+03
-2.227056520e+03
-2.206571202e+03
-2.186572594e+03
-2.166977567e+03
-2.147718645e+03
-2.128737985e+03
-2.109974672e+03
-2.091351474e+03
-2.072780545e+03
-2.054173757e+03
-2.035448949e+03
-2.016540563e+03
-1.997401612e+03
-1.977985802e+03
-1.958213193e+03
-1.937936006e+03
-1.916925494e+03
-1.894896689e+03
-1.871569418e+03
-1.846712589e+03
-1.820147917e+03
-1.791742572e+03
-1.761379305e+03
-1.728914834e+03
-1.694172749e+03
-1.656955800e+03
-1.617063864e+03
-1.574324806e+03
-1.528606455e+03
-1.479791969e+03
-1.427746660e+03
-1.372298249e+03
-1.313227880e+03
-1.250284644e+03
-1.183225850e+03
-1.111839751e+03
-1.035951625e+03
-9.554346620e+02
-8.702000466e+02
-7.801790352e+02
-6.853217372e+02
-5.855934914e+02
-4.809736677e+02
-3.714621184e+02
-2.570824610e+02
-1.378909213e+02
-1.398910102e+01
1.144689444e+02
2.472783788e+02
3.841939549e+02
5.249427430e+02
6.692375747e+02
8.167832193e+02
9.672718889e+02
1.120371385e+03
1.275706499e+03
1.432850083e+03
1.591324315e+03
1.750602766e+03
1.910131020e+03
2.069350001e+03
2.227697969e+03
2.384609816e+03
2.539511846e+03
2.691809402e+03
2.840885677e+03
2.986105334e+03
3.126819610e+03
3.262383532e+03
3.392175325e+03
3.515602596e+03
3.632099387e+03
3.741121882e+03
3.842135240e+03
3.934602574e+03
4.017997508e+03
4.091821368e+03
4.155614066e+03
4.208971978e+03
4.251559454e+03
4.283109462e+03
4.303419338e+03
4.312334289e+03
4.309731232e+03
4.295516727e+03
4.269632033e+03
4.232061053e+03
4.182839822e+03
4.122064157e+03
4.049887619e+03
3.966511413e+03
3.872179245e+03
3.767173666e+03
3.651814159e+03
3.526466269e+03
3.391548074e+03
3.247529010e+03
3.094927262e+03
2.934299476e+03
2.766227352e+03
2.591313295e+03
2.410183150e+03
2.223486154e+03
2.031889071e+03
1.836070883e+03
1.636714284e+03
1.434495656e+03
1.230087889e+03
1.024164584e+03
8.173986520e+02
6.104655945e+02
4.040383050e+02
1.987712822e+02
-4.710178228e+00
-2.058176020e+02
-4.039994378e+02
-5.987290019e+02
-7.894919691e+02
-9.757845635e+02
-1.157122590e+03
-1.333052387e+03
-1.503162747e+03
-1.667094201e+03
-1.824534491e+03
-1.975210393e+03
-2.118882290e+03
-2.255336758e+03
-2.384390259e+03
-2.505900520e+03
-2.619772929e+03
-2.725962666e+03
-2.824468627e+03
-2.915323208e+03
-2.998584649e+03
-3.074332298e+03
-3.142668608e+03
-3.203722104e+03
-3.257650338e+03
-3.304641861e+03
-3.344908744e+03
-3.378679892e+03
-3.406199189e+03
-3.427723025e+03
-3.443523561e+03
-3.453889617e+03
-3.459121243e+03
-3.459525917e+03
-3.455413521e+03
-3.447092342e+03
-3.434868111e+03
-3.419043486e+03
-3.399918061e+03
-3.377786353e+03
-3.352938556e+03
-3.325660015e+03
-3.296224646e+03
-3.264894299e+03
-3.231919755e+03
-3.197538503e+03
-3.161975924e+03
-3.125442713e+03
-3.088132303e+03
-3.050223861e+03
-3.011883922e+03
-2.973266290e+03
-2.934509244e+03
-2.895733486e+03
-2.857045550e+03
-2.818541574e+03
-2.780313589e+03
-2.742452594e+03
-2.705043070e+03
-2.668157750e+03
-2.631854169e+03
-2.596171473e+03
-2.561126326e+03
-2.526708619e+03
-2.492886726e+03
-2.459622024e+03
-2.426883399e+03
-2.394650792e+03
-2.362907073e+03
-2.331631673e+03
-2.300791903e+03
-2.270336748e+03
-2.240211943e+03
-2.210375340e+03
-2.180798166e+03
-2.151466880e+03
-2.122373239e+03
-2.093484135e+03
-2.064712117e+03
-2.035899195e+03
-2.006823951e+03
-1.977245747e+03
-1.946956272e+03
-1.915792981e+03
-1.883630380e+03
-1.850363660e+03
-1.815868667e+03
-1.779979932e+03
-1.742510932e+03
-1.703270043e+03
-1.662074194e+03
-1.618769542e+03
-1.573221027e+03
-1.525279845e+03
-1.474762118e+03
-1.421434443e+03
-1.365019032e+03
-1.305234470e+03
-1.241829448e+03
-1.174585782e+03
-1.103325552e+03
-1.027911088e+03
-9.482196375e+02
-8.641336095e+02
-7.755447135e+02
-6.823505159e+02
-5.844629705e+02
-4.818207214e+02
-3.743948355e+02
-2.622012874e+02
-1.453071453e+02
-2.382220087e+01
1.021107389e+02
2.323244858e+02
3.666377373e+02
5.048569784e+02
6.467662864e+02
7.921168487e+02
9.406139636e+02
1.091905943e+03
1.245590600e+03
1.401223817e+03
1.558329951e+03
1.716423533e+03
1.875011583e+03
2.033581949e+03
2.191602558e+03
2.348516704e+03
2.503738683e+03
2.656660169e+03
2.806658319e+03
2.953107520e+03
3.095395672e+03
3.232932787e+03
3.365144624e+03
3.491464103e+03
3.611327112e+03
3.724162021e+03
3.829392478e+03
3.926460976e+03
4.014846161e+03
4.094076176e+03
4.163741522e+03
4.223496935e+03
4.273054111e+03
4.312165173e+03
4.340610893e+03
4.358200463e+03
4.364773220e+03
4.360211083e+03
4.344452199e+03
4.317492940e+03
4.279387182e+03
4.230237399e+03
4.170184747e+03
4.099410180e+03
4.018136781e+03
3.926632855e+03
3.825216761e+03
3.714262315e+03
3.594197448e+03
3.465489755e+03
3.328638154e+03
3.184169992e+03
3.032635604e+03
2.874612595e+03
2.710706922e+03
2.541546097e+03
2.367772862e+03
2.190032191e+03
2.008966612e+03
1.825220325e+03
1.639437390e+03
1.452263688e+03
1.264345977e+03
1.076323912e+03
8.888229764e+02
7.024432732e+02
5.177528536e+02
3.352917060e+02
1.555800915e+02
-2.087510574e+01
-1.935852229e+02
-3.620864125e+02
-5.259477116e+02
-6.847838879e+02
-8.382527545e+02
-9.860491690e+02
-1.127905517e+03
-1.263584530e+03
-1.392880266e+03
-1.515626156e+03
-1.631696208e+03
-1.741009729e+03
-1.843531844e+03
-1.939263634e+03
-2.028231673e+03
-2.110484443e+03
-2.186097603e+03
-2.255174737e+03
-2.317848473e+03
-2.374285951e+03
-2.424681509e+03
-2.469248002e+03
-2.508212850e+03
-2.541810984e+03
-2.570288511e+03
-2.593906822e+03
-2.612940492e+03
-2.627678810e+03
-2.638420306e+03
-2.645463044e+03
-2.649098998e+03
-2.649610761e+03
-2.647271777e+03
-2.642346331e+03
-2.635094263e+03
-2.625774531e+03
-2.614639430e+03
-2.601933658e+03
-2.587888891e+03
-2.572713105e+03
-2.556595013e+03
-2.539706141e+03
-2.522198099e+03
-2.504207655e+03
-2.485859814e+03
-2.467269367e+03
-2.448539957e+03
-2.429762072e+03
-2.411013152e+03
-2.392352396e+03
-2.373822130e+03
-2.355454461e+03
-2.337270744e+03
-2.319284237e+03
-2.301502015e+03
-2.283924008e+03
-2.266539207e+03
-2.249312367e+03
-2.232176775e+03
-2.215036479e+03
-2.197783184e+03
-2.180325003e+03
-2.162589569e+03
-2.144517050e+03
-2.126058907e+03
-2.107158205e+03
-2.087742903e+03
-2.067740719e+03
-2.047083729e+03
-2.025715659e+03
-2.003601431e+03
-1.980713270e+03
-1.956993809e+03
-1.932325978e+03
-1.906529067e+03
-1.879375399e+03
-1.850639513e+03
-1.820144051e+03
-1.787753870e+03
-1.753365478e+03
-1.716889998e+03
-1.678211194e+03
-1.637186828e+03
-1.593673888e+03
-1.547533565e+03
-1.498647825e+03
-1.446924219e+03
-1.392268187e+03
-1.334556412e+03
-1.273624999e+03
-1.209269337e+03
-1.141262009e+03
-1.069394639e+03
-9.935016915e+02
-9.134514608e+02
-8.291484797e+02
-7.405213076e+02
-6.474982824e+02
-5.500212182e+02
-4.480478427e+02
-3.415416407e+02
-2.304882789e+02
-1.149007047e+02
5.178011387e+00
1.296601702e+02
2.584141152e+02
3.912698449e+02
5.280275591e+02
6.684670301e+02
8.123516377e+02
9.594289160e+02
1.109417934e+03
1.262001257e+03
1.416818012e+03
1.573450784e+03
1.731438731e+03
1.890292563e+03
2.049500245e+03
2.208544762e+03
2.366900383e+03
2.524018898e+03
2.679329991e+03
2.832235285e+03
2.982111415e+03
3.128318947e+03
3.270206602e+03
3.407127961e+03
3.538456235e+03
3.663589501e+03
3.781945862e+03
3.892948039e+03
3.996017607e+03
4.090572444e+03
4.176034416e+03
4.251856005e+03
4.317535931e+03
4.372632050e+03
4.416776423e+03
4.449669932e+03
4.471067594e+03
4.480761752e+03
4.478569011e+03
4.464334252e+03
4.437943318e+03
4.399340023e+03
4.348536572e+03
4.285611306e+03
4.210703935e+03
4.124003274e+03
4.025737672e+03
3.916177305e+03
3.795633585e+03
3.664466911e+03
3.523103059e+03
3.372033206e+03
3.211802967e+03
3.043001970e+03
2.866252551e+03
2.682201601e+03
2.491520982e+03
2.294909293e+03
2.093086827e+03
1.886790658e+03
1.676771761e+03
1.463788540e+03
1.248602997e+03
1.031979661e+03
8.146831724e+02
5.974744205e+02
3.811024842e+02
1.662937801e+02
-4.625671328e+01
-2.558868788e+02
-4.619600421e+02
-6.638569149e+02
-8.609734408e+02
-1.052726791e+03
-1.238567806e+03
-1.417995605e+03
-1.590568296e+03
-1.755899338e+03
-1.913648050e+03
-2.063513964e+03
-2.205228005e+03
-2.338552273e+03
-2.463291021e+03
-2.579296112e+03
-2.686474705e+03
-2.784794827e+03
-2.874276484e+03
-2.954982121e+03
-3.027010371e+03
-3.090490148e+03
-3.145579198e+03
-3.192467006e+03
-3.231378503e+03
-3.262571164e+03
-3.286332228e+03
-3.302977912e+03
-3.312844030e+03
-3.316282213e+03
-3.313658632e+03
-3.305341334e+03
-3.291699258e+03
-3.273110890e+03
-3.249961565e+03
-3.222640123e+03
-3.191536699e+03
-3.157035890e+03
-3.119509588e+03
-3.079313624e+03
-3.036789465e+03
-2.992264366e+03
-2.946053254e+03
-2.898462076e+03
-2.849778892e+03
-2.800267644e+03
-2.750169454e+03
-2.699697901e+03
-2.649041471e+03
-2.598369155e+03
-2.547827213e+03
-2.497541749e+03
-2.447620037e+03
-2.398143254e+03
-2.349167818e+03
-2.300731549e+03
-2.252854928e+03
-2.205544783e+03
-2.158800668e+03
-2.112613557e+03
-2.066957028e+03
-2.021786844e+03
-1.977045397e+03
-1.932657915e+03
-1.888527935e+03
-1.844536369e+03
-1.800549921e+03
-1.756441705e+03
-1.712098994e+03
-1.667417718e+03
-1.622303428e+03
-1.576664567e+03
-1.530403433e+03
-1.483425460e+03
-1.435650887e+03
-1.387020098e+03
-1.337496925e+03
-1.287056464e+03
-1.235654950e+03
-1.183198582e+03
-1.129532478e+03
-1.074464893e+03
-1.017811679e+03
-9.594295351e+02
-8.992262311e+02
-8.371498392e+02
-7.731623348e+02
-7.072141064e+02
-6.392390103e+02
-5.691652133e+02
-4.969308530e+02
-4.225023987e+02
-3.458692979e+02
-2.670072044e+02
-1.858520143e+02
-1.022937512e+02
-1.618208649e+01
7.263856055e+01
1.642921591e+02
2.588662491e+02
3.564170280e+02
4.569804371e+02
5.605926620e+02
6.672948359e+02
7.771230773e+02
8.901006922e+02
1.006231580e+03
1.125497798e+03
1.247867900e+03
1.373303396e+03
1.501749675e+03
1.633131127e+03
1.767355256e+03
1.904302700e+03
2.043820587e+03
2.185731435e+03
2.329833278e+03
2.475898237e+03
2.623674525e+03
2.772881712e+03
2.923213649e+03
3.074343881e+03
3.225922424e+03
3.377575325e+03
3.528903992e+03
3.679481638e+03
3.828852414e+03
3.976535250e+03
4.122033367e+03
4.264840529e+03
4.404442721e+03
4.540318504e+03
4.671938376e+03
4.798772645e+03
4.920294478e+03
5.035971563e+03
5.145268667e+03
5.247650281e+03
5.342579673e+03
5.429535010e+03
5.508023083e+03
5.577579200e+03
5.637773488e+03
5.688220881e+03
5.728580058e+03
