-3.465231947e-17
-9.359264863e-03
-3.433957306e-02
-8.901901811e-02
-1.913044707e-01
-3.564148636e-01
-5.947622094e-01
-9.116719056e-01
-1.307886443e+00
-1.784144692e+00
-2.340261516e+00
-2.972436317e+00
-3.672421267e+00
-4.421671886e+00
-5.195409973e+00
-5.976769750e+00
-6.763168435e+00
-7.563710981e+00
-8.392296452e+00
-9.261171293e+00
-1.017202577e+01
-1.111355498e+01
-1.207087824e+01
-1.302785982e+01
-1.397252222e+01
-1.490793956e+01
-1.584624735e+01
-1.680455765e+01
-1.780257363e+01
-1.885113802e+01
-1.995477154e+01
-2.112060059e+01
-2.236178119e+01
-2.370111244e+01
-2.516967719e+01
-2.679797558e+01
-2.859347072e+01
-3.051356108e+01
-3.244911356e+01
-3.423185269e+01
-3.568116963e+01
-3.664561108e+01
-3.701186630e+01
-3.670523879e+01
-3.566292418e+01
-3.380120950e+01
-3.101770123e+01
-2.720352344e+01
-2.227012292e+01
-1.618809494e+01
-8.990258615e+00
-7.330170716e-01
8.555829093e+00
1.891247185e+01
3.044150144e+01
4.326990184e+01
5.745998637e+01
7.295738268e+01
8.957896783e+01
1.070175403e+02
1.248936192e+02
1.428099764e+02
1.603682937e+02
1.771702480e+02
1.927928094e+02
2.067538867e+02
2.185010932e+02
2.274245968e+02
2.328848966e+02
2.342430947e+02
2.309050827e+02
2.223636285e+02
2.082147625e+02
1.881736092e+02
1.620764767e+02
1.298659545e+02
9.159119022e+01
4.741288830e+01
-2.378317685e+00
-5.732809015e+01
-1.167862854e+02
-1.798687261e+02
-2.454425234e+02
-3.121451323e+02
-3.784124409e+02
-4.425177923e+02
-5.026020988e+02
-5.566841812e+02
-6.026612485e+02
-6.383029668e+02
-6.612575897e+02
-6.690682735e+02
-6.592130042e+02
-6.291821761e+02
-5.765565079e+02
-4.990843206e+02
-3.947507989e+02
-2.618033037e+02
-9.875971495e+01
9.557832557e+01
3.221077427e+02
5.813875432e+02
8.735820849e+02
1.198389771e+03
1.554986190e+03
1.941992826e+03
2.357459763e+03
2.798883766e+03
3.263244177e+03
3.747025128e+03
4.246241748e+03
4.756467505e+03
5.272860591e+03
5.790204374e+03
6.302965615e+03
6.805367481e+03
7.291466247e+03
7.755242002e+03
8.190697501e+03
8.591936488e+03
8.953247005e+03
9.269195553e+03
9.534703596e+03
9.745122547e+03
9.896313665e+03
9.984716654e+03
1.000741286e+04
9.962191157e+03
9.847607554e+03
9.663028407e+03
9.408668240e+03
9.085618153e+03
8.695845141e+03
8.242174833e+03
7.728256868e+03
7.158509555e+03
6.538068607e+03
5.872735986e+03
5.168917995e+03
4.433556759e+03
3.674045044e+03
2.898121337e+03
2.113751925e+03
1.329004482e+03
5.519228669e+02
-2.095873715e+02
-9.478632466e+02
-1.655587469e+03
-2.325886789e+03
-2.952430090e+03
-3.529533370e+03
-4.052247237e+03
-4.516423639e+03
-4.918773932e+03
-5.256902814e+03
-5.529326277e+03
-5.735489316e+03
-5.875769595e+03
-5.951460848e+03
-5.964743715e+03
-5.918643608e+03
-5.816966813e+03
-5.664224600e+03
-5.465555946e+03
-5.226638757e+03
-4.953593675e+03
-4.652882864e+03
-4.331195658e+03
-3.995333048e+03
-3.652088732e+03
-3.308129908e+03
-2.969892912e+03
-2.643485681e+03
-2.334598317e+03
-2.048422402e+03
-1.789574352e+03
-1.562034216e+03
-1.369091823e+03
-1.213296021e+03
-1.096421436e+03
-1.019456400e+03
-9.826106624e+02
-9.853333230e+02
-1.026345817e+03
-1.103689723e+03
-1.214770455e+03
-1.356409737e+03
-1.524915167e+03
-1.716159480e+03
-1.925676816e+03
-2.148760391e+03
-2.380555552e+03
-2.616151955e+03
-2.850671434e+03
-3.079338571e+03
-3.297578360e+03
-3.501085144e+03
-3.685891091e+03
-3.848435753e+03
-3.985625947e+03
-4.094888990e+03
-4.174211325e+03
-4.222149427e+03
-4.237826919e+03
-4.220941169e+03
-4.171759605e+03
-4.091097907e+03
-3.980308124e+03
-3.841253308e+03
-3.676249153e+03
-3.488003371e+03
-3.279536625e+03
-3.054072669e+03
-2.814957420e+03
-2.565623413e+03
-2.309561902e+03
-2.050293654e+03
-1.791329118e+03
-1.536091729e+03
-1.287828316e+03
-1.049546672e+03
-8.239730521e+02
-6.135268883e+02
-4.203231310e+02
-2.461753299e+02
-9.256805907e+01
3.939738246e+01
1.490631818e+02
2.362564937e+02
3.012842372e+02
3.448647328e+02
3.680128979e+02
3.719245466e+02
3.579015709e+02
3.273279682e+02
2.816863217e+02
2.225894205e+02
1.517764902e+02
7.105969198e+01
-1.775035737e+01
-1.129343627e+02
-2.129405889e+02
-3.163957495e+02
-4.220637621e+02
-5.287896378e+02
-6.354451688e+02
-7.409083844e+02
-8.441091188e+02
-9.441083221e+02
-1.040147624e+03
-1.131666885e+03
-1.218290308e+03
-1.299753024e+03
-1.375810093e+03
-1.446174304e+03
-1.510470575e+03
-1.568220059e+03
-1.618862354e+03
-1.661779952e+03
-1.696303536e+03
-1.721709400e+03
-1.737202435e+03
-1.741862274e+03
-1.734589668e+03
-1.714088745e+03
-1.678857582e+03
-1.627212518e+03
-1.557370013e+03
-1.467530343e+03
-1.355951080e+03
-1.221016515e+03
-1.061268273e+03
-8.753946417e+02
-6.622190876e+02
-4.207197507e+02
-1.500759860e+02
1.502552855e+02
4.804385572e+02
8.401785376e+02
1.228666332e+03
1.644551983e+03
2.085966295e+03
2.550557646e+03
3.035515938e+03
3.537588211e+03
4.053069114e+03
4.577777793e+03
5.107049835e+03
5.635760938e+03
6.158396942e+03
6.669161521e+03
7.162103921e+03
7.631239042e+03
8.070641868e+03
8.474520025e+03
8.837258194e+03
9.153460594e+03
9.418020053e+03
9.626198355e+03
9.773727743e+03
9.856927193e+03
9.872792629e+03
9.819064710e+03
9.694284214e+03
9.497828133e+03
9.229931756e+03
8.891708436e+03
8.485163610e+03
8.013185318e+03
7.479525226e+03
6.888772138e+03
6.246290962e+03
5.558156636e+03
4.831095851e+03
4.072400649e+03
3.289824134e+03
2.491471411e+03
1.685669025e+03
8.808289190e+02
8.532974037e+01
-6.925938301e+02
-1.444961059e+03
-2.164141597e+03
-2.842946058e+03
-3.474733880e+03
-4.053527336e+03
-4.574120836e+03
-5.032175015e+03
-5.424270181e+03
-5.747929893e+03
-6.001631380e+03
-6.184799980e+03
-6.297802072e+03
-6.341941864e+03
-6.319449727e+03
-6.233454946e+03
-6.087933699e+03
-5.887629461e+03
-5.637958646e+03
-5.344911178e+03
-5.014943815e+03
-4.654877199e+03
-4.271796901e+03
-3.872936009e+03
-3.465551473e+03
-3.056809400e+03
-2.653664025e+03
-2.262744622e+03
-1.890264488e+03
-1.541934427e+03
-1.222881406e+03
-9.375813951e+02
-6.898011850e+02
-4.825489561e+02
-3.180472937e+02
-1.977255070e+02
-1.222167978e+02
-9.137028323e+01
-1.042762078e+02
-1.592936350e+02
-2.540955666e+02
-3.857217588e+02
-5.506357616e+02
-7.448071681e+02
-9.638118645e+02
-1.202936511e+03
-1.457277391e+03
-1.721829246e+03
-1.991571908e+03
-2.261542055e+03
-2.526898994e+03
-2.783001671e+03
-3.025484354e+03
-3.250335186e+03
-3.453974360e+03
-3.633317800e+03
-3.785821013e+03
-3.909492618e+03
-4.002891538e+03
-4.065123112e+03
-4.095838069e+03
-4.095240254e+03
-4.064077803e+03
-4.003613426e+03
-3.915584589e+03
-3.802138386e+03
-3.665765171e+03
-3.509236146e+03
-3.335520415e+03
-3.147708943e+03
-2.948967183e+03
-2.742513659e+03
-2.531596194e+03
-2.319436236e+03
-2.109161060e+03
-1.903727147e+03
-1.705848261e+03
-1.517968344e+03
-1.342250835e+03
-1.180566979e+03
-1.034500134e+03
-9.053395693e+02
-7.940410099e+02
-7.011608784e+02
-6.267979283e+02
-5.705846237e+02
-5.317617076e+02
-5.093314012e+02
-5.021805004e+02
-5.091235213e+02
-5.289241567e+02
-5.602713030e+02
-6.017310707e+02
-6.517678252e+02
-7.088030889e+02
-7.712836516e+02
-8.377721555e+02
-9.069948888e+02
-9.778103454e+02
-1.049155084e+03
-1.120011566e+03
-1.189392955e+03
-1.256370752e+03
-1.320149577e+03
-1.380101600e+03
-1.435762341e+03
-1.486831533e+03
-1.533128038e+03
-1.574525647e+03
-1.610920687e+03
-1.642194009e+03
-1.668178083e+03
-1.688640689e+03
-1.703264288e+03
-1.711639465e+03
-1.713269823e+03
-1.707569497e+03
-1.693847618e+03
-1.671280446e+03
-1.638884542e+03
-1.595494883e+03
-1.539764417e+03
-1.470192035e+03
-1.385172065e+03
-1.283063470e+03
-1.162244862e+03
-1.021153483e+03
-8.583262395e+02
-6.724063396e+02
-4.621467951e+02
-2.264585747e+02
3.553518217e+01
3.244364227e+02
6.404970008e+02
9.835694017e+02
1.353071790e+03
1.747961754e+03
2.166741102e+03
2.607472348e+03
3.067776314e+03
3.544819664e+03
4.035308649e+03
4.535474391e+03
5.041072382e+03
5.547439513e+03
6.049570098e+03
6.542188092e+03
7.019841466e+03
7.476990687e+03
7.908081105e+03
8.307610114e+03
8.670173209e+03
8.990513232e+03
9.263599402e+03
9.484720642e+03
9.649583052e+03
9.754407118e+03
9.796016126e+03
9.771898425e+03
9.680245519e+03
9.519991170e+03
9.290843598e+03
8.993310456e+03
8.628734555e+03
8.199312079e+03
7.708082739e+03
7.158904268e+03
6.556398879e+03
5.905881396e+03
5.213294393e+03
4.485147181e+03
3.728439707e+03
2.950566300e+03
2.159213526e+03
1.362246108e+03
5.675860210e+02
-2.168845373e+02
-9.834176896e+02
-1.724504441e+03
-2.432966843e+03
-3.102062663e+03
-3.725605115e+03
-4.298064526e+03
-4.814653955e+03
-5.271388691e+03
-5.665109327e+03
-5.993491417e+03
-6.255063863e+03
-6.449236009e+03
-6.576315211e+03
-6.637512825e+03
-6.634931449e+03
-6.571511371e+03
-6.450957545e+03
-6.277661175e+03
-6.056607760e+03
-5.793299389e+03
-5.493685873e+03
-5.164080523e+03
-4.811063554e+03
-4.441366856e+03
-4.061750160e+03
-3.678884037e+03
-3.299242241e+03
-2.929012825e+03
-2.574017784e+03
-2.239640566e+03
-1.930760583e+03
-1.651678690e+03
-1.406055172e+03
-1.196869168e+03
-1.026388997e+03
-8.961663756e+02
-8.070381142e+02
-7.591270736e+02
-7.518579876e+02
-7.839818535e+02
-8.536126689e+02
-9.582796279e+02
-1.094988411e+03
-1.260290472e+03
-1.450353836e+03
-1.661043599e+03
-1.888002536e+03
-2.126720713e+03
-2.372616905e+03
-2.621121721e+03
-2.867751302e+03
-3.108183649e+03
-3.338322037e+03
-3.554352050e+03
-3.752802626e+03
-3.930596383e+03
-4.085087853e+03
-4.214087311e+03
-4.315876969e+03
-4.389229019e+03
-4.433415324e+03
-4.448213303e+03
-4.433896805e+03
-4.391201704e+03
-4.321284818e+03
-4.225680116e+03
-4.106250172e+03
-3.965131581e+03
-3.804676911e+03
-3.627413921e+03
-3.436022492e+03
-3.233311337e+03
-3.022173202e+03
-2.805518014e+03
-2.586212070e+03
-2.367016051e+03
-2.150532367e+03
-1.939200372e+03
-1.735297342e+03
-1.540916208e+03
-1.357949727e+03
-1.188056145e+03
-1.032589584e+03
-8.925376066e+02
-7.684917925e+02
-6.606714016e+02
-5.690272505e+02
-4.933644052e+02
-4.333905441e+02
-3.887210347e+02
-3.588694249e+02
-3.431908282e+02
-3.408622451e+02
-3.509482401e+02
-3.724572050e+02
-4.043912325e+02
-4.458073533e+02
-4.958125311e+02
-5.535103260e+02
-6.179666121e+02
-6.881859562e+02
-7.631244529e+02
-8.417711918e+02
-9.232118185e+02
-1.006626188e+03
-1.091290418e+03
-1.176561088e+03
-1.261805707e+03
-1.346362849e+03
-1.429529546e+03
-1.510533371e+03
-1.588529378e+03
-1.662605967e+03
-1.731779408e+03
-1.795004389e+03
-1.851174775e+03
-1.899098450e+03
-1.937473516e+03
-1.964871354e+03
-1.979721613e+03
-1.980319667e+03
-1.964864166e+03
-1.931500691e+03
-1.878375559e+03
-1.803690333e+03
-1.705724799e+03
-1.582859172e+03
-1.433595493e+03
-1.256558691e+03
-1.050538486e+03
-8.145604057e+02
-5.479345334e+02
-2.503108248e+02
7.826886746e+01
4.373441008e+02
8.260172961e+02
1.242947979e+03
1.686362276e+03
2.154053603e+03
2.643360414e+03
3.151147427e+03
3.673804237e+03
4.207240266e+03
4.746915760e+03
5.287923796e+03
5.825068195e+03
6.352941235e+03
6.866007240e+03
7.358670019e+03
7.825326868e+03
8.260408106e+03
8.658429543e+03
9.014070555e+03
9.322257139e+03
9.578266136e+03
9.777829830e+03
9.917213337e+03
9.993281384e+03
1.000354217e+04
9.946181773e+03
9.820112368e+03
9.625013583e+03
9.361365114e+03
9.030471861e+03
8.634478573e+03
8.176358903e+03
7.659865992e+03
7.089483655e+03
6.470377340e+03
5.808329334e+03
5.109683686e+03
4.381275613e+03
3.630336977e+03
2.864395926e+03
2.091157843e+03
1.318399409e+03
5.538783977e+02
-1.947689629e+02
-9.201219517e+02
-1.615072511e+03
-2.272932381e+03
-2.887532551e+03
-3.453323646e+03
-3.965458281e+03
-4.419841795e+03
-4.813163190e+03
-5.142918449e+03
-5.407444288e+03
-5.605942918e+03
-5.738496933e+03
-5.806080869e+03
-5.810528613e+03
-5.754481794e+03
-5.641339725e+03
-5.475183337e+03
-5.260706195e+03
-5.003151567e+03
-4.708228782e+03
-4.382031111e+03
-4.030941130e+03
-3.661512681e+03
-3.280350992e+03
-2.894007796e+03
-2.508897115e+03
-2.131206160e+03
-1.766812604e+03
-1.421217488e+03
-1.099460355e+03
-8.060407382e+02
-5.448592995e+02
-3.191635830e+02
-1.315268194e+02
1.616079756e+01
1.227017157e+02
1.875819386e+02
2.109649875e+02
1.936837710e+02
1.372141816e+02
4.363467937e+01
-8.442956436e+01
-2.438692482e+02
-4.311689546e+02
-6.424873715e+02
-8.737218007e+02
-1.120584203e+03
-1.378668636e+03
-1.643507364e+03
-1.910655432e+03
-2.175767348e+03
-2.434659662e+03
-2.683383916e+03
-2.918289194e+03
-3.136074379e+03
-3.333827597e+03
-3.509055189e+03
-3.659706410e+03
-3.784178813e+03
-3.881328306e+03
-3.950481457e+03
-3.991425198e+03
-4.004395215e+03
-3.990055686e+03
-3.949466729e+03
-3.884040489e+03
-3.795473402e+03
-3.685687250e+03
-3.556786993e+03
-3.411046833e+03
-3.250919493e+03
-3.078993680e+03
-2.897931843e+03
-2.710421118e+03
-2.519089661e+03
-2.326452735e+03
-2.134906539e+03
-1.946705947e+03
-1.763952406e+03
-1.588591150e+03
-1.422365975e+03
-1.266732717e+03
-1.122792120e+03
-9.912815250e+02
-8.726140659e+02
-7.669884947e+02
-6.744960756e+02
-5.951255089e+02
-5.287600949e+02
-4.751631386e+02
-4.339142645e+02
-4.044341118e+02
-3.860575873e+02
-3.780657243e+02
-3.797393674e+02
-3.903867417e+02
-4.093025756e+02
-4.357264409e+02
-4.688282594e+02
-5.077147241e+02
-5.514693161e+02
-5.992373036e+02
-6.502705547e+02
-7.039021373e+02
-7.595402313e+02
-8.166293927e+02
-8.745852085e+02
-9.328039161e+02
-9.906484194e+02
-1.047408636e+03
-1.102315856e+03
-1.154535300e+03
-1.203155715e+03
-1.247204639e+03
-1.285635723e+03
-1.317309288e+03
-1.340970810e+03
-1.355232206e+03
-1.358568873e+03
-1.349329081e+03
-1.325775340e+03
-1.286121766e+03
-1.228574137e+03
-1.151386831e+03
-1.052870902e+03
-9.314019597e+02
-7.854500123e+02
-6.135877360e+02
-4.145441566e+02
-1.872797226e+02
6.896716634e+01
3.546220038e+02
6.697364898e+02
1.013965878e+03
1.386541015e+03
1.786270532e+03
2.211544770e+03
2.660326710e+03
3.130129493e+03
3.617980269e+03
4.120411928e+03
4.633470249e+03
5.152750913e+03
5.673483723e+03
6.190603132e+03
6.698821075e+03
7.192711193e+03
7.666757989e+03
8.115392716e+03
8.533029764e+03
8.914114721e+03
9.253210013e+03
9.545099853e+03
9.784904147e+03
9.968177657e+03
1.009098059e+04
1.014993973e+04
1.014228891e+04
1.006590841e+04
9.919380702e+03
9.702031849e+03
9.413980273e+03
9.056192466e+03
8.630494429e+03
8.139549238e+03
7.586823932e+03
6.976543031e+03
6.313637257e+03
5.603698838e+03
4.852929368e+03
4.068064523e+03
3.256290505e+03
2.425157217e+03
1.582478073e+03
7.362303816e+02
-1.055419395e+02
-9.348301809e+02
-1.743765791e+03
-2.524732437e+03
-3.270480677e+03
-3.974233758e+03
-4.629772366e+03
-5.231494011e+03
-5.774462574e+03
-6.254460320e+03
-6.668046105e+03
-7.012615513e+03
-7.286453528e+03
-7.488766929e+03
-7.619675025e+03
-7.680176022e+03
-7.672109055e+03
-7.598098391e+03
-7.461504424e+03
-7.266387478e+03
-7.017451620e+03
-6.719985055e+03
-6.379789457e+03
-6.003074647e+03
-5.596348006e+03
-5.166308234e+03
-4.719739138e+03
-4.263413361e+03
-3.804007262e+03
-3.348021124e+03
-2.901690964e+03
-2.470906735e+03
-2.061141780e+03
-1.677373206e+03
-1.324022628e+03
-1.004911823e+03
-7.232057150e+02
-4.813896776e+02
-2.812770674e+02
-1.240045026e+02
-1.003614086e+01
6.081983261e+01
8.939464653e+01
7.713431256e+01
2.605928149e+01
-6.129317043e+01
-1.819294553e+02
-3.324685057e+02
-5.092171381e+02
-7.082230336e+02
-9.253343730e+02
-1.156274725e+03
-1.396704803e+03
-1.642296572e+03
-1.888810474e+03
-2.132150651e+03
-2.368426750e+03
-2.594007373e+03
-2.805549710e+03
-3.000039636e+03
-3.174834290e+03
-3.327687215e+03
-3.456770727e+03
-3.560695991e+03
-3.638510015e+03
-3.689670271e+03
-3.714029535e+03
-3.711824411e+03
-3.683641736e+03
-3.630378754e+03
-3.553206668e+03
-3.453550026e+03
-3.333088336e+03
-3.193729941e+03
-3.037558094e+03
-2.866789809e+03
-2.683719859e+03
-2.490661638e+03
-2.289927224e+03
-2.083815022e+03
-1.874587667e+03
-1.664449079e+03
-1.455493857e+03
-1.249624563e+03
-1.048471691e+03
-8.533596423e+02
-6.653493875e+02
-4.853268598e+02
-3.140726995e+02
-1.522884373e+02
-5.826773384e-01
1.405721676e+02
2.708791833e+02
3.902127948e+02
4.985811664e+02
5.960780709e+02
6.828294769e+02
7.589889650e+02
8.247978717e+02
8.806249246e+02
9.269670037e+02
9.644277374e+02
9.936382710e+02
1.015177108e+03
1.029557886e+03
1.037240656e+03
1.038658554e+03
1.034266228e+03
1.024558593e+03
1.010061732e+03
9.913296014e+02
9.689443423e+02
9.435257721e+02
9.157628331e+02
8.864407676e+02
8.564358332e+02
8.267167677e+02
7.983622422e+02
7.725472328e+02
7.505331088e+02
7.336856862e+02
7.234718274e+02
7.214487969e+02
7.292562531e+02
7.485903138e+02
7.811887469e+02
8.288169826e+02
8.932327255e+02
9.761525568e+02
1.079215007e+03
1.203935320e+03
1.351663922e+03
1.523553364e+03
1.720536427e+03
1.943298019e+03
2.192239017e+03
2.467439427e+03
2.768622462e+03
3.095139545e+03
3.445950134e+03
3.819583904e+03
4.214130958e+03
4.627238947e+03
5.056110161e+03
5.497540492e+03
5.947961124e+03
6.403459746e+03
6.859821990e+03
7.312587356e+03
7.757089442e+03
