0
-1
-1
-1
-1
-1
-1
-1
-2
-2
-3
-3
-4
-5
-6
-6
-7
-8
-9
-10
-11
-12
-13
-13
-14
-15
-16
-17
-18
-19
-20
-21
-23
-24
-26
-27
-29
-31
-33
-34
-36
-37
-37
-37
-36
-34
-31
-27
-23
-17
-9
-1
8
18
30
43
57
73
89
107
124
142
160
177
192
206
218
227
232
233
230
222
208
188
162
129
91
47
-3
-58
-117
-180
-246
-313
-379
-443
-503
-557
-603
-639
-662
-669
-659
-629
-577
-499
-395
-262
-99
95
322
581
873
1198
1555
1941
2357
2798
3263
3747
4246
4756
5272
5790
6302
6805
7291
7754
8190
8591
8953
9269
9534
9745
9896
9984
10007
9962
9847
9662
9408
9085
8695
8242
7728
7158
6538
5872
5169
4433
3674
2898
2113
1329
551
-210
-948
-1656
-2326
-2953
-3530
-4053
-4517
-4919
-5257
-5530
-5736
-5876
-5952
-5965
-5919
-5818
-5665
-5466
-5227
-4954
-4653
-4332
-3996
-3653
-3309
-2970
-2644
-2335
-2049
-1790
-1562
-1370
-1214
-1097
-1020
-983
-986
-1027
-1104
-1215
-1357
-1525
-1717
-1926
-2149
-2381
-2617
-2851
-3080
-3298
-3502
-3687
-3849
-3986
-4095
-4175
-4222
-4238
-4221
-4172
-4091
-3980
-3841
-3677
-3488
-3280
-3054
-2815
-2566
-2309
-2050
-1791
-1536
-1288
-1049
-824
-614
-420
-246
-93
39
149
236
301
344
368
372
357
327
281
222
151
70
-19
-114
-214
-318
-423
-530
-637
-742
-845
-945
-1041
-1132
-1219
-1300
-1376
-1447
-1511
-1569
-1619
-1662
-1697
-1722
-1738
-1742
-1735
-1714
-1679
-1627
-1558
-1468
-1356
-1221
-1062
-876
-663
-421
-151
150
480
840
1228
1644
2085
2550
3035
3537
4052
4577
5106
5635
6157
6668
7161
7630
8070
8474
8837
9153
9417
9626
9773
9856
9872
9819
9694
9497
9229
8891
8484
8013
7479
6888
6246
5558
4831
4072
3289
2491
1685
880
85
-693
-1445
-2165
-2843
-3475
-4054
-4575
-5033
-5425
-5748
-6002
-6185
-6298
-6342
-6320
-6234
-6089
-5888
-5639
-5345
-5015
-4655
-4272
-3873
-3466
-3057
-2654
-2263
-1891
-1542
-1223
-938
-690
-483
-319
-198
-123
-92
-105
-160
-255
-386
-551
-745
-964
-1204
-1458
-1722
-1992
-2262
-2528
-2784
-3026
-3251
-3455
-3634
-3786
-3910
-4003
-4065
-4096
-4095
-4064
-4004
-3916
-3802
-3666
-3509
-3336
-3148
-2949
-2742
-2531
-2319
-2109
-1904
-1706
-1518
-1342
-1181
-1035
-906
-795
-702
-627
-571
-532
-510
-503
-510
-530
-561
-603
-653
-710
-772
-839
-908
-979
-1050
-1121
-1190
-1257
-1321
-1381
-1436
-1488
-1534
-1575
-1612
-1643
-1669
-1689
-1704
-1712
-1714
-1708
-1694
-1672
-1639
-1596
-1540
-1470
-1385
-1283
-1163
-1022
-859
-673
-463
-227
35
324
640
983
1353
1747
2166
2607
3067
3544
4035
4535
5040
5547
6049
6541
7019
7476
7907
8307
8670
8990
9263
9484
9649
9754
9795
9771
9680
9519
9290
8993
8628
8199
7707
7158
6556
5905
5213
4485
3728
2950
2159
1362
567
-217
-984
-1725
-2433
-3103
-3726
-4299
-4815
-5272
-5666
-5994
-6256
-6450
-6577
-6638
-6635
-6572
-6452
-6278
-6057
-5794
-5494
-5165
-4812
-4442
-4062
-3680
-3300
-2930
-2574
-2240
-1931
-1652
-1407
-1198
-1027
-897
-808
-760
-752
-785
-854
-959
-1096
-1261
-1451
-1662
-1889
-2127
-2373
-2622
-2868
-3109
-3339
-3555
-3753
-3931
-4085
-4214
-4316
-4389
-4434
-4448
-4434
-4392
-4322
-4226
-4106
-3965
-3805
-3627
-3436
-3233
-3022
-2805
-2586
-2367
-2151
-1939
-1735
-1541
-1358
-1189
-1033
-893
-769
-661
-569
-494
-434
-389
-360
-344
-342
-352
-373
-405
-447
-497
-555
-619
-689
-764
-843
-924
-1007
-1092
-1177
-1262
-1347
-1430
-1511
-1589
-1663
-1732
-1796
-1852
-1900
-1938
-1965
-1980
-1981
-1965
-1932
-1879
-1804
-1706
-1583
-1434
-1257
-1051
-815
-548
-251
78
437
826
1242
1686
2153
2643
3151
3673
4207
4746
5287
5824
6352
6865
7358
7825
8260
8658
9013
9322
9578
9777
9917
9993
10003
9946
9819
9624
9361
9030
8634
8176
7659
7089
6470
5808
5109
4381
3630
2864
2091
1318
553
-195
-921
-1616
-2273
-2888
-3454
-3966
-4420
-4814
-5143
-5408
-5606
-5739
-5807
-5811
-5755
-5642
-5476
-5261
-5004
-4709
-4382
-4031
-3662
-3281
-2895
-2509
-2132
-1767
-1422
-1100
-807
-545
-320
-132
15
122
187
210
193
137
43
-85
-245
-432
-643
-874
-1121
-1379
-1644
-1911
-2176
-2435
-2684
-2919
-3136
-3334
-3509
-3660
-3784
-3881
-3951
-3992
-4005
-3990
-3950
-3884
-3796
-3686
-3557
-3411
-3251
-3079
-2898
-2710
-2519
-2326
-2135
-1947
-1764
-1589
-1423
-1267
-1123
-992
-873
-767
-675
-596
-529
-476
-435
-405
-387
-379
-381
-391
-410
-437
-470
-509
-552
-600
-651
-705
-760
-817
-875
-934
-991
-1048
-1103
-1155
-1204
-1248
-1286
-1318
-1341
-1356
-1359
-1350
-1326
-1286
-1229
-1152
-1053
-932
-786
-614
-415
-188
69
354
669
1014
1386
1786
2211
2660
3130
3617
4120
4633
5152
5673
6190
6698
7192
7666
8115
8532
8913
9253
9544
9784
9968
10090
10149
10142
10065
9919
9701
9413
9055
8630
8139
7586
6976
6313
5603
4852
4068
3256
2425
1582
736
-106
-935
-1744
-2525
-3271
-3975
-4630
-5232
-5775
-6255
-6668
-7013
-7287
-7489
-7620
-7681
-7673
-7599
-7462
-7267
-7018
-6720
-6380
-6004
-5597
-5167
-4720
-4264
-3804
-3348
-2902
-2471
-2062
-1678
-1325
-1006
-724
-482
-282
-125
-11
60
89
77
26
-62
-182
-333
-510
-709
-926
-1157
-1397
-1643
-1889
-2133
-2369
-2594
-2806
-3000
-3175
-3328
-3457
-3561
-3639
-3690
-3714
-3712
-3684
-3630
-3553
-3453
-3333
-3194
-3037
-2867
-2684
-2491
-2290
-2084
-1875
-1665
-1456
-1250
-1049
-854
-666
-486
-314
-153
-1
140
270
390
498
595
682
758
824
880
926
963
993
1014
1029
1037
1038
1034
1024
1009
991
968
943
915
886
856
826
798
772
750
733
723
721
729
748
781
828
893
976
1079
1204
1351
1523
1720
1943
2192
2467
2768
3095
3446
3819
4214
4627
5056
5497
5947
6403
6859
7312
7756
